  100.0  4.722E+11  1.010E+13  2.470E+12  192.1   79.3   79.4    9.0 
  101.0  4.754E+11  8.762E+12  2.106E+12  191.5   79.3   79.4    9.0 
  102.0  4.529E+11  7.356E+12  1.743E+12  192.6   79.3   79.4    9.0 
  103.0  4.277E+11  6.175E+12  1.441E+12  193.9   79.3   79.4    9.0 
  104.0  4.006E+11  5.183E+12  1.189E+12  195.6   79.3   79.4    9.0 
  105.0  3.729E+11  4.350E+12  9.804E+11  197.7   79.3   79.4    9.0 
  106.0  3.450E+11  3.651E+12  8.073E+11  200.2   79.3   79.4    9.0 
  107.0  3.177E+11  3.065E+12  6.641E+11  203.3   79.3   79.4    9.0 
  108.0  2.913E+11  2.573E+12  5.459E+11  206.9   79.3   79.4    9.0 
  109.0  2.661E+11  2.161E+12  4.484E+11  211.2   79.3   79.4    9.0 
  110.0  2.422E+11  1.815E+12  3.682E+11  216.3   79.3   79.4    9.0 
  111.0  2.198E+11  1.526E+12  3.023E+11  222.3   79.3   79.4    9.0 
  112.0  1.990E+11  1.283E+12  2.483E+11  229.2   79.3   79.4    9.0 
  113.0  1.798E+11  1.081E+12  2.042E+11  237.2   79.3   79.4    9.0 
  114.0  1.622E+11  9.128E+11  1.682E+11  246.0   79.3   79.4    9.0 
  115.0  1.463E+11  7.725E+11  1.389E+11  255.9   79.3   79.4    9.0 
  116.0  1.318E+11  6.557E+11  1.151E+11  266.8   79.3   79.4    9.0 
  117.0  1.189E+11  5.585E+11  9.571E+10  278.6   79.3   79.4    9.0 
  118.0  1.073E+11  4.775E+11  7.991E+10  291.2   79.3   79.4    9.0 
  119.0  9.701E+10  4.101E+11  6.703E+10  304.7   79.3   79.4    9.0 
  120.0  8.788E+10  3.539E+11  5.653E+10  318.7   79.3   79.4    9.0 
  121.0  7.985E+10  3.072E+11  4.796E+10  333.0   79.3   79.4    9.0 
  122.0  7.283E+10  2.682E+11  4.097E+10  347.3   79.3   79.4    9.0 
  123.0  6.675E+10  2.359E+11  3.526E+10  360.9   79.3   79.4    9.0 
  124.0  6.167E+10  2.095E+11  3.066E+10  372.6   79.3   79.4    9.0 
  125.0  5.708E+10  1.867E+11  2.677E+10  384.3   79.3   79.4    9.0 
  126.0  5.299E+10  1.671E+11  2.348E+10  395.8   79.3   79.4    9.0 
  127.0  4.932E+10  1.502E+11  2.070E+10  406.9   79.3   79.4    9.0 
  128.0  4.601E+10  1.354E+11  1.832E+10  417.6   79.3   79.4    9.0 
  129.0  4.302E+10  1.226E+11  1.628E+10  428.1   79.3   79.4    9.0 
  130.0  4.031E+10  1.113E+11  1.452E+10  438.2   79.3   79.4    9.0 
  131.0  3.784E+10  1.013E+11  1.300E+10  448.1   79.3   79.4    9.0 
  132.0  3.559E+10  9.249E+10  1.167E+10  457.6   79.3   79.4    9.0 
  133.0  3.353E+10  8.465E+10  1.051E+10  466.9   79.3   79.4    9.0 
  134.0  3.164E+10  7.765E+10  9.499E+09  475.9   79.3   79.4    9.0 
  135.0  2.990E+10  7.138E+10  8.606E+09  484.6   79.3   79.4    9.0 
  136.0  2.829E+10  6.575E+10  7.818E+09  493.1   79.3   79.4    9.0 
  137.0  2.681E+10  6.068E+10  7.120E+09  501.3   79.3   79.4    9.0 
  138.0  2.544E+10  5.611E+10  6.500E+09  509.3   79.3   79.4    9.0 
  139.0  2.416E+10  5.196E+10  5.947E+09  517.0   79.3   79.4    9.0 
  140.0  2.298E+10  4.820E+10  5.453E+09  524.5   79.3   79.4    9.0 
  141.0  2.188E+10  4.478E+10  5.010E+09  531.8   79.3   79.4    9.0 
  142.0  2.085E+10  4.166E+10  4.612E+09  538.9   79.3   79.4    9.0 
  143.0  1.989E+10  3.880E+10  4.253E+09  545.7   79.3   79.4    9.0 
  144.0  1.900E+10  3.619E+10  3.929E+09  552.4   79.3   79.4    9.0 
  145.0  1.815E+10  3.380E+10  3.635E+09  558.8   79.3   79.4    9.0 
  146.0  1.737E+10  3.160E+10  3.369E+09  565.1   79.3   79.4    9.0 
  147.0  1.662E+10  2.957E+10  3.127E+09  571.2   79.3   79.4    9.0 
  148.0  1.593E+10  2.770E+10  2.906E+09  577.1   79.3   79.4    9.0 
  149.0  1.527E+10  2.598E+10  2.704E+09  582.8   79.3   79.4    9.0 
  150.0  1.465E+10  2.439E+10  2.520E+09  588.4   79.3   79.4    9.0 
  151.0  1.407E+10  2.291E+10  2.351E+09  593.8   79.3   79.4    9.0 
  152.0  1.352E+10  2.154E+10  2.196E+09  599.1   79.3   79.4    9.0 
  153.0  1.299E+10  2.027E+10  2.053E+09  604.1   79.3   79.4    9.0 
  154.0  1.250E+10  1.909E+10  1.921E+09  609.1   79.3   79.4    9.0 
  155.0  1.203E+10  1.799E+10  1.799E+09  613.9   79.3   79.4    9.0 
  156.0  1.159E+10  1.696E+10  1.687E+09  618.5   79.3   79.4    9.0 
  157.0  1.116E+10  1.601E+10  1.583E+09  623.0   79.3   79.4    9.0 
  158.0  1.076E+10  1.512E+10  1.487E+09  627.4   79.3   79.4    9.0 
  159.0  1.038E+10  1.428E+10  1.397E+09  631.7   79.3   79.4    9.0 
  160.0  1.002E+10  1.351E+10  1.314E+09  635.8   79.3   79.4    9.0 
  161.0  9.672E+09  1.277E+10  1.237E+09  639.8   79.3   79.4    9.0 
  162.0  9.341E+09  1.209E+10  1.165E+09  643.7   79.3   79.4    9.0 
  163.0  9.026E+09  1.145E+10  1.098E+09  647.5   79.3   79.4    9.0 
  164.0  8.725E+09  1.085E+10  1.035E+09  651.1   79.3   79.4    9.0 
  165.0  8.437E+09  1.028E+10  9.765E+08  654.7   79.3   79.4    9.0 
  166.0  8.162E+09  9.751E+09  9.217E+08  658.2   79.3   79.4    9.0 
  167.0  7.899E+09  9.252E+09  8.704E+08  661.5   79.3   79.4    9.0 
  168.0  7.647E+09  8.781E+09  8.224E+08  664.8   79.3   79.4    9.0 
  169.0  7.405E+09  8.339E+09  7.774E+08  667.9   79.3   79.4    9.0 
  170.0  7.173E+09  7.921E+09  7.352E+08  671.0   79.3   79.4    9.0 
  171.0  6.951E+09  7.527E+09  6.955E+08  674.0   79.3   79.4    9.0 
  172.0  6.737E+09  7.156E+09  6.583E+08  676.9   79.3   79.4    9.0 
  173.0  6.532E+09  6.805E+09  6.232E+08  679.7   79.3   79.4    9.0 
  174.0  6.335E+09  6.473E+09  5.903E+08  682.4   79.3   79.4    9.0 
  175.0  6.146E+09  6.160E+09  5.592E+08  685.0   79.3   79.4    9.0 
  176.0  5.963E+09  5.864E+09  5.300E+08  687.6   79.3   79.4    9.0 
  177.0  5.788E+09  5.583E+09  5.025E+08  690.1   79.3   79.4    9.0 
  178.0  5.619E+09  5.318E+09  4.765E+08  692.5   79.3   79.4    9.0 
  179.0  5.456E+09  5.067E+09  4.520E+08  694.9   79.3   79.4    9.0 
  180.0  5.299E+09  4.829E+09  4.289E+08  697.1   79.3   79.4    9.0 
  181.0  5.148E+09  4.603E+09  4.070E+08  699.3   79.3   79.4    9.0 
  182.0  5.002E+09  4.389E+09  3.864E+08  701.5   79.3   79.4    9.0 
  183.0  4.861E+09  4.186E+09  3.669E+08  703.6   79.3   79.4    9.0 
  184.0  4.725E+09  3.993E+09  3.484E+08  705.6   79.3   79.4    9.0 
  185.0  4.594E+09  3.810E+09  3.310E+08  707.6   79.3   79.4    9.0 
  186.0  4.467E+09  3.636E+09  3.145E+08  709.5   79.3   79.4    9.0 
  187.0  4.344E+09  3.471E+09  2.989E+08  711.3   79.3   79.4    9.0 
  188.0  4.225E+09  3.314E+09  2.841E+08  713.1   79.3   79.4    9.0 
  189.0  4.111E+09  3.165E+09  2.701E+08  714.9   79.3   79.4    9.0 
  190.0  4.000E+09  3.023E+09  2.568E+08  716.6   79.3   79.4    9.0 
  191.0  3.892E+09  2.888E+09  2.442E+08  718.2   79.3   79.4    9.0 
  192.0  3.788E+09  2.760E+09  2.323E+08  719.8   79.3   79.4    9.0 
  193.0  3.688E+09  2.637E+09  2.210E+08  721.4   79.3   79.4    9.0 
  194.0  3.590E+09  2.521E+09  2.103E+08  722.9   79.3   79.4    9.0 
  195.0  3.496E+09  2.410E+09  2.001E+08  724.3   79.3   79.4    9.0 
  196.0  3.404E+09  2.304E+09  1.905E+08  725.8   79.3   79.4    9.0 
  197.0  3.315E+09  2.204E+09  1.813E+08  727.1   79.3   79.4    9.0 
  198.0  3.229E+09  2.108E+09  1.726E+08  728.5   79.3   79.4    9.0 
  199.0  3.146E+09  2.016E+09  1.643E+08  729.8   79.3   79.4    9.0 
  200.0  3.065E+09  1.929E+09  1.565E+08  731.0   79.3   79.4    9.0 
  201.0  2.986E+09  1.846E+09  1.490E+08  732.3   79.3   79.4    9.0 
  202.0  2.910E+09  1.767E+09  1.419E+08  733.4   79.3   79.4    9.0 
  203.0  2.836E+09  1.691E+09  1.352E+08  734.6   79.3   79.4    9.0 
  204.0  2.764E+09  1.619E+09  1.288E+08  735.7   79.3   79.4    9.0 
  205.0  2.694E+09  1.550E+09  1.227E+08  736.8   79.3   79.4    9.0 
  206.0  2.626E+09  1.484E+09  1.169E+08  737.9   79.3   79.4    9.0 
  207.0  2.560E+09  1.421E+09  1.114E+08  738.9   79.3   79.4    9.0 
  208.0  2.496E+09  1.361E+09  1.062E+08  739.9   79.3   79.4    9.0 
  209.0  2.434E+09  1.303E+09  1.012E+08  740.9   79.3   79.4    9.0 
  210.0  2.374E+09  1.248E+09  9.649E+07  741.8   79.3   79.4    9.0 
  211.0  2.315E+09  1.196E+09  9.199E+07  742.7   79.3   79.4    9.0 
  212.0  2.258E+09  1.146E+09  8.770E+07  743.6   79.3   79.4    9.0 
  213.0  2.202E+09  1.098E+09  8.362E+07  744.5   79.3   79.4    9.0 
  214.0  2.148E+09  1.052E+09  7.973E+07  745.3   79.3   79.4    9.0 
  215.0  2.095E+09  1.008E+09  7.603E+07  746.1   79.3   79.4    9.0 
  216.0  2.044E+09  9.665E+08  7.251E+07  746.9   79.3   79.4    9.0 
  217.0  1.994E+09  9.264E+08  6.915E+07  747.7   79.3   79.4    9.0 
  218.0  1.946E+09  8.881E+08  6.596E+07  748.4   79.3   79.4    9.0 
  219.0  1.899E+09  8.514E+08  6.292E+07  749.1   79.3   79.4    9.0 
  220.0  1.853E+09  8.163E+08  6.002E+07  749.8   79.3   79.4    9.0 
  221.0  1.808E+09  7.827E+08  5.726E+07  750.5   79.3   79.4    9.0 
  222.0  1.765E+09  7.506E+08  5.463E+07  751.2   79.3   79.4    9.0 
  223.0  1.722E+09  7.198E+08  5.212E+07  751.8   79.3   79.4    9.0 
  224.0  1.681E+09  6.903E+08  4.973E+07  752.5   79.3   79.4    9.0 
  225.0  1.641E+09  6.621E+08  4.745E+07  753.1   79.3   79.4    9.0 
  226.0  1.602E+09  6.351E+08  4.529E+07  753.7   79.3   79.4    9.0 
  227.0  1.563E+09  6.092E+08  4.322E+07  754.2   79.3   79.4    9.0 
  228.0  1.526E+09  5.844E+08  4.125E+07  754.8   79.3   79.4    9.0 
  229.0  1.490E+09  5.607E+08  3.937E+07  755.3   79.3   79.4    9.0 
  230.0  1.455E+09  5.380E+08  3.757E+07  755.8   79.3   79.4    9.0 
  231.0  1.420E+09  5.162E+08  3.586E+07  756.4   79.3   79.4    9.0 
  232.0  1.387E+09  4.953E+08  3.424E+07  756.8   79.3   79.4    9.0 
  233.0  1.354E+09  4.753E+08  3.268E+07  757.3   79.3   79.4    9.0 
  234.0  1.322E+09  4.561E+08  3.120E+07  757.8   79.3   79.4    9.0 
  235.0  1.291E+09  4.378E+08  2.979E+07  758.2   79.3   79.4    9.0 
  236.0  1.261E+09  4.202E+08  2.844E+07  758.7   79.3   79.4    9.0 
  237.0  1.231E+09  4.033E+08  2.715E+07  759.1   79.3   79.4    9.0 
  238.0  1.203E+09  3.871E+08  2.593E+07  759.5   79.3   79.4    9.0 
  239.0  1.175E+09  3.716E+08  2.476E+07  759.9   79.3   79.4    9.0 
  240.0  1.147E+09  3.567E+08  2.364E+07  760.3   79.3   79.4    9.0 
  241.0  1.121E+09  3.425E+08  2.257E+07  760.7   79.3   79.4    9.0 
  242.0  1.095E+09  3.288E+08  2.156E+07  761.1   79.3   79.4    9.0 
  243.0  1.069E+09  3.157E+08  2.059E+07  761.4   79.3   79.4    9.0 
  244.0  1.044E+09  3.031E+08  1.966E+07  761.8   79.3   79.4    9.0 
  245.0  1.020E+09  2.910E+08  1.878E+07  762.1   79.3   79.4    9.0 
  246.0  9.967E+08  2.794E+08  1.794E+07  762.4   79.3   79.4    9.0 
  247.0  9.736E+08  2.683E+08  1.713E+07  762.8   79.3   79.4    9.0 
  248.0  9.512E+08  2.577E+08  1.636E+07  763.1   79.3   79.4    9.0 
  249.0  9.293E+08  2.475E+08  1.563E+07  763.4   79.3   79.4    9.0 
  250.0  9.079E+08  2.377E+08  1.493E+07  763.7   79.3   79.4    9.0 
  251.0  8.871E+08  2.283E+08  1.426E+07  764.0   79.3   79.4    9.0 
  252.0  8.667E+08  2.192E+08  1.363E+07  764.2   79.3   79.4    9.0 
  253.0  8.469E+08  2.106E+08  1.302E+07  764.5   79.3   79.4    9.0 
  254.0  8.275E+08  2.023E+08  1.244E+07  764.8   79.3   79.4    9.0 
  255.0  8.085E+08  1.943E+08  1.188E+07  765.0   79.3   79.4    9.0 
  256.0  7.901E+08  1.866E+08  1.135E+07  765.3   79.3   79.4    9.0 
  257.0  7.720E+08  1.793E+08  1.085E+07  765.5   79.3   79.4    9.0 
  258.0  7.544E+08  1.722E+08  1.036E+07  765.7   79.3   79.4    9.0 
  259.0  7.372E+08  1.655E+08  9.903E+06  766.0   79.3   79.4    9.0 
  260.0  7.205E+08  1.590E+08  9.463E+06  766.2   79.3   79.4    9.0 
  261.0  7.041E+08  1.527E+08  9.042E+06  766.4   79.3   79.4    9.0 
  262.0  6.881E+08  1.467E+08  8.641E+06  766.6   79.3   79.4    9.0 
  263.0  6.725E+08  1.410E+08  8.257E+06  766.8   79.3   79.4    9.0 
  264.0  6.572E+08  1.355E+08  7.891E+06  767.0   79.3   79.4    9.0 
  265.0  6.423E+08  1.302E+08  7.541E+06  767.2   79.3   79.4    9.0 
  266.0  6.278E+08  1.251E+08  7.207E+06  767.4   79.3   79.4    9.0 
  267.0  6.136E+08  1.202E+08  6.888E+06  767.5   79.3   79.4    9.0 
  268.0  5.997E+08  1.155E+08  6.583E+06  767.7   79.3   79.4    9.0 
  269.0  5.862E+08  1.110E+08  6.291E+06  767.9   79.3   79.4    9.0 
  270.0  5.729E+08  1.067E+08  6.013E+06  768.1   79.3   79.4    9.0 
  271.0  5.600E+08  1.025E+08  5.747E+06  768.2   79.3   79.4    9.0 
  272.0  5.474E+08  9.851E+07  5.494E+06  768.4   79.3   79.4    9.0 
  273.0  5.351E+08  9.467E+07  5.251E+06  768.5   79.3   79.4    9.0 
  274.0  5.230E+08  9.099E+07  5.019E+06  768.7   79.3   79.4    9.0 
  275.0  5.113E+08  8.745E+07  4.798E+06  768.8   79.3   79.4    9.0 
  276.0  4.998E+08  8.406E+07  4.586E+06  768.9   79.3   79.4    9.0 
  277.0  4.886E+08  8.079E+07  4.384E+06  769.1   79.3   79.4    9.0 
  278.0  4.776E+08  7.766E+07  4.191E+06  769.2   79.3   79.4    9.0 
  279.0  4.669E+08  7.465E+07  4.007E+06  769.3   79.3   79.4    9.0 
  280.0  4.565E+08  7.175E+07  3.830E+06  769.5   79.3   79.4    9.0 
  281.0  4.462E+08  6.897E+07  3.662E+06  769.6   79.3   79.4    9.0 
  282.0  4.362E+08  6.630E+07  3.501E+06  769.7   79.3   79.4    9.0 
  283.0  4.265E+08  6.374E+07  3.347E+06  769.8   79.3   79.4    9.0 
  284.0  4.170E+08  6.127E+07  3.200E+06  769.9   79.3   79.4    9.0 
  285.0  4.076E+08  5.890E+07  3.059E+06  770.0   79.3   79.4    9.0 
  286.0  3.985E+08  5.663E+07  2.925E+06  770.1   79.3   79.4    9.0 
  287.0  3.897E+08  5.444E+07  2.797E+06  770.2   79.3   79.4    9.0 
  288.0  3.810E+08  5.234E+07  2.674E+06  770.3   79.3   79.4    9.0 
  289.0  3.725E+08  5.032E+07  2.557E+06  770.4   79.3   79.4    9.0 
  290.0  3.642E+08  4.838E+07  2.445E+06  770.5   79.3   79.4    9.0 
  291.0  3.561E+08  4.652E+07  2.338E+06  770.6   79.3   79.4    9.0 
  292.0  3.482E+08  4.472E+07  2.235E+06  770.7   79.3   79.4    9.0 
  293.0  3.404E+08  4.300E+07  2.138E+06  770.8   79.3   79.4    9.0 
  294.0  3.329E+08  4.135E+07  2.044E+06  770.9   79.3   79.4    9.0 
  295.0  3.255E+08  3.976E+07  1.955E+06  770.9   79.3   79.4    9.0 
  296.0  3.182E+08  3.823E+07  1.869E+06  771.0   79.3   79.4    9.0 
  297.0  3.112E+08  3.676E+07  1.788E+06  771.1   79.3   79.4    9.0 
  298.0  3.043E+08  3.535E+07  1.710E+06  771.2   79.3   79.4    9.0 
  299.0  2.975E+08  3.399E+07  1.635E+06  771.2   79.3   79.4    9.0 
  300.0  2.909E+08  3.269E+07  1.564E+06  771.3   79.3   79.4    9.0 
  301.0  2.845E+08  3.143E+07  1.495E+06  771.4   79.3   79.4    9.0 
  302.0  2.782E+08  3.023E+07  1.430E+06  771.4   79.3   79.4    9.0 
  303.0  2.721E+08  2.907E+07  1.368E+06  771.5   79.3   79.4    9.0 
  304.0  2.660E+08  2.796E+07  1.308E+06  771.6   79.3   79.4    9.0 
  305.0  2.602E+08  2.689E+07  1.251E+06  771.6   79.3   79.4    9.0 
  306.0  2.544E+08  2.586E+07  1.197E+06  771.7   79.3   79.4    9.0 
  307.0  2.488E+08  2.487E+07  1.145E+06  771.7   79.3   79.4    9.0 
  308.0  2.433E+08  2.392E+07  1.095E+06  771.8   79.3   79.4    9.0 
  309.0  2.379E+08  2.300E+07  1.047E+06  771.8   79.3   79.4    9.0 
  310.0  2.327E+08  2.212E+07  1.002E+06  771.9   79.3   79.4    9.0 
  311.0  2.276E+08  2.128E+07  9.581E+05  772.0   79.3   79.4    9.0 
  312.0  2.226E+08  2.047E+07  9.165E+05  772.0   79.3   79.4    9.0 
  313.0  2.177E+08  1.968E+07  8.767E+05  772.0   79.3   79.4    9.0 
  314.0  2.129E+08  1.893E+07  8.386E+05  772.1   79.3   79.4    9.0 
  315.0  2.082E+08  1.821E+07  8.022E+05  772.1   79.3   79.4    9.0 
  316.0  2.036E+08  1.752E+07  7.674E+05  772.2   79.3   79.4    9.0 
  317.0  1.991E+08  1.685E+07  7.341E+05  772.2   79.3   79.4    9.0 
  318.0  1.948E+08  1.621E+07  7.023E+05  772.3   79.3   79.4    9.0 
  319.0  1.905E+08  1.559E+07  6.719E+05  772.3   79.3   79.4    9.0 
  320.0  1.863E+08  1.500E+07  6.428E+05  772.3   79.3   79.4    9.0 
  321.0  1.822E+08  1.443E+07  6.149E+05  772.4   79.3   79.4    9.0 
  322.0  1.782E+08  1.388E+07  5.883E+05  772.4   79.3   79.4    9.0 
  323.0  1.743E+08  1.335E+07  5.628E+05  772.5   79.3   79.4    9.0 
  324.0  1.705E+08  1.284E+07  5.385E+05  772.5   79.3   79.4    9.0 
  325.0  1.668E+08  1.236E+07  5.152E+05  772.5   79.3   79.4    9.0 
  326.0  1.631E+08  1.189E+07  4.929E+05  772.6   79.3   79.4    9.0 
  327.0  1.595E+08  1.143E+07  4.716E+05  772.6   79.3   79.4    9.0 
  328.0  1.560E+08  1.100E+07  4.512E+05  772.6   79.3   79.4    9.0 
  329.0  1.526E+08  1.058E+07  4.317E+05  772.7   79.3   79.4    9.0 
  330.0  1.493E+08  1.018E+07  4.131E+05  772.7   79.3   79.4    9.0 
  331.0  1.460E+08  9.796E+06  3.953E+05  772.7   79.3   79.4    9.0 
  332.0  1.428E+08  9.425E+06  3.782E+05  772.7   79.3   79.4    9.0 
  333.0  1.397E+08  9.068E+06  3.619E+05  772.8   79.3   79.4    9.0 
  334.0  1.367E+08  8.725E+06  3.463E+05  772.8   79.3   79.4    9.0 
  335.0  1.337E+08  8.394E+06  3.314E+05  772.8   79.3   79.4    9.0 
  336.0  1.308E+08  8.077E+06  3.171E+05  772.8   79.3   79.4    9.0 
  337.0  1.279E+08  7.771E+06  3.034E+05  772.9   79.3   79.4    9.0 
  338.0  1.251E+08  7.477E+06  2.904E+05  772.9   79.3   79.4    9.0 
  339.0  1.224E+08  7.195E+06  2.779E+05  772.9   79.3   79.4    9.0 
  340.0  1.197E+08  6.923E+06  2.659E+05  772.9   79.3   79.4    9.0 
  341.0  1.171E+08  6.661E+06  2.545E+05  773.0   79.3   79.4    9.0 
  342.0  1.146E+08  6.410E+06  2.435E+05  773.0   79.3   79.4    9.0 
  343.0  1.121E+08  6.168E+06  2.330E+05  773.0   79.3   79.4    9.0 
  344.0  1.096E+08  5.935E+06  2.230E+05  773.0   79.3   79.4    9.0 
  345.0  1.073E+08  5.711E+06  2.134E+05  773.0   79.3   79.4    9.0 
  346.0  1.049E+08  5.496E+06  2.043E+05  773.1   79.3   79.4    9.0 
  347.0  1.027E+08  5.288E+06  1.955E+05  773.1   79.3   79.4    9.0 
  348.0  1.004E+08  5.089E+06  1.871E+05  773.1   79.3   79.4    9.0 
  349.0  9.824E+07  4.897E+06  1.791E+05  773.1   79.3   79.4    9.0 
  350.0  9.611E+07  4.713E+06  1.714E+05  773.1   79.3   79.4    9.0 
  351.0  9.402E+07  4.536E+06  1.640E+05  773.1   79.3   79.4    9.0 
  352.0  9.198E+07  4.365E+06  1.570E+05  773.2   79.3   79.4    9.0 
  353.0  8.999E+07  4.201E+06  1.503E+05  773.2   79.3   79.4    9.0 
  354.0  8.804E+07  4.043E+06  1.438E+05  773.2   79.3   79.4    9.0 
  355.0  8.613E+07  3.891E+06  1.377E+05  773.2   79.3   79.4    9.0 
  356.0  8.426E+07  3.744E+06  1.318E+05  773.2   79.3   79.4    9.0 
  357.0  8.244E+07  3.604E+06  1.261E+05  773.2   79.3   79.4    9.0 
  358.0  8.065E+07  3.468E+06  1.207E+05  773.3   79.3   79.4    9.0 
  359.0  7.891E+07  3.338E+06  1.156E+05  773.3   79.3   79.4    9.0 
  360.0  7.720E+07  3.213E+06  1.106E+05  773.3   79.3   79.4    9.0 
  361.0  7.553E+07  3.092E+06  1.059E+05  773.3   79.3   79.4    9.0 
  362.0  7.390E+07  2.976E+06  1.014E+05  773.3   79.3   79.4    9.0 
  363.0  7.230E+07  2.865E+06  9.704E+04  773.3   79.3   79.4    9.0 
  364.0  7.074E+07  2.757E+06  9.290E+04  773.3   79.3   79.4    9.0 
  365.0  6.921E+07  2.654E+06  8.893E+04  773.3   79.3   79.4    9.0 
  366.0  6.772E+07  2.554E+06  8.513E+04  773.3   79.3   79.4    9.0 
  367.0  6.626E+07  2.459E+06  8.150E+04  773.4   79.3   79.4    9.0 
  368.0  6.483E+07  2.367E+06  7.802E+04  773.4   79.3   79.4    9.0 
  369.0  6.343E+07  2.278E+06  7.469E+04  773.4   79.3   79.4    9.0 
  370.0  6.206E+07  2.193E+06  7.151E+04  773.4   79.3   79.4    9.0 
  371.0  6.072E+07  2.111E+06  6.846E+04  773.4   79.3   79.4    9.0 
  372.0  5.941E+07  2.032E+06  6.554E+04  773.4   79.3   79.4    9.0 
  373.0  5.813E+07  1.956E+06  6.275E+04  773.4   79.3   79.4    9.0 
  374.0  5.688E+07  1.883E+06  6.008E+04  773.4   79.3   79.4    9.0 
  375.0  5.566E+07  1.812E+06  5.752E+04  773.4   79.3   79.4    9.0 
  376.0  5.446E+07  1.745E+06  5.507E+04  773.4   79.3   79.4    9.0 
  377.0  5.329E+07  1.680E+06  5.273E+04  773.4   79.3   79.4    9.0 
  378.0  5.214E+07  1.617E+06  5.049E+04  773.5   79.3   79.4    9.0 
  379.0  5.102E+07  1.557E+06  4.834E+04  773.5   79.3   79.4    9.0 
  380.0  4.992E+07  1.498E+06  4.628E+04  773.5   79.3   79.4    9.0 
  381.0  4.885E+07  1.443E+06  4.432E+04  773.5   79.3   79.4    9.0 
  382.0  4.780E+07  1.389E+06  4.243E+04  773.5   79.3   79.4    9.0 
  383.0  4.677E+07  1.337E+06  4.063E+04  773.5   79.3   79.4    9.0 
  384.0  4.577E+07  1.287E+06  3.891E+04  773.5   79.3   79.4    9.0 
  385.0  4.479E+07  1.239E+06  3.726E+04  773.5   79.3   79.4    9.0 
  386.0  4.383E+07  1.193E+06  3.567E+04  773.5   79.3   79.4    9.0 
  387.0  4.289E+07  1.149E+06  3.416E+04  773.5   79.3   79.4    9.0 
  388.0  4.197E+07  1.106E+06  3.271E+04  773.5   79.3   79.4    9.0 
  389.0  4.107E+07  1.065E+06  3.133E+04  773.5   79.3   79.4    9.0 
  390.0  4.019E+07  1.025E+06  3.000E+04  773.5   79.3   79.4    9.0 
  391.0  3.933E+07  9.871E+05  2.873E+04  773.5   79.3   79.4    9.0 
  392.0  3.849E+07  9.504E+05  2.751E+04  773.5   79.3   79.4    9.0 
  393.0  3.766E+07  9.151E+05  2.635E+04  773.5   79.3   79.4    9.0 
  394.0  3.686E+07  8.811E+05  2.523E+04  773.6   79.3   79.4    9.0 
  395.0  3.607E+07  8.484E+05  2.416E+04  773.6   79.3   79.4    9.0 
  396.0  3.530E+07  8.169E+05  2.314E+04  773.6   79.3   79.4    9.0 
  397.0  3.454E+07  7.866E+05  2.216E+04  773.6   79.3   79.4    9.0 
  398.0  3.380E+07  7.574E+05  2.122E+04  773.6   79.3   79.4    9.0 
  399.0  3.308E+07  7.293E+05  2.033E+04  773.6   79.3   79.4    9.0 
  400.0  3.237E+07  7.022E+05  1.947E+04  773.6   79.3   79.4    9.0 
  401.0  3.168E+07  6.762E+05  1.865E+04  773.6   79.3   79.4    9.0 
  402.0  3.101E+07  6.512E+05  1.786E+04  773.6   79.3   79.4    9.0 
  403.0  3.034E+07  6.270E+05  1.710E+04  773.6   79.3   79.4    9.0 
  404.0  2.970E+07  6.038E+05  1.638E+04  773.6   79.3   79.4    9.0 
  405.0  2.906E+07  5.814E+05  1.569E+04  773.6   79.3   79.4    9.0 
  406.0  2.844E+07  5.599E+05  1.503E+04  773.6   79.3   79.4    9.0 
  407.0  2.784E+07  5.392E+05  1.440E+04  773.6   79.3   79.4    9.0 
  408.0  2.724E+07  5.193E+05  1.379E+04  773.6   79.3   79.4    9.0 
  409.0  2.666E+07  5.001E+05  1.321E+04  773.6   79.3   79.4    9.0 
  410.0  2.610E+07  4.816E+05  1.265E+04  773.6   79.3   79.4    9.0 
  411.0  2.554E+07  4.638E+05  1.212E+04  773.6   79.3   79.4    9.0 
  412.0  2.500E+07  4.466E+05  1.161E+04  773.6   79.3   79.4    9.0 
  413.0  2.446E+07  4.301E+05  1.112E+04  773.6   79.3   79.4    9.0 
  414.0  2.394E+07  4.143E+05  1.065E+04  773.6   79.3   79.4    9.0 
  415.0  2.343E+07  3.990E+05  1.020E+04  773.6   79.3   79.4    9.0 
  416.0  2.294E+07  3.842E+05  9.774E+03  773.6   79.3   79.4    9.0 
  417.0  2.245E+07  3.701E+05  9.363E+03  773.6   79.3   79.4    9.0 
  418.0  2.197E+07  3.564E+05  8.969E+03  773.6   79.3   79.4    9.0 
  419.0  2.151E+07  3.433E+05  8.592E+03  773.6   79.3   79.4    9.0 
  420.0  2.105E+07  3.306E+05  8.231E+03  773.6   79.3   79.4    9.0 
  421.0  2.060E+07  3.184E+05  7.885E+03  773.6   79.3   79.4    9.0 
  422.0  2.016E+07  3.067E+05  7.554E+03  773.6   79.3   79.4    9.0 
  423.0  1.974E+07  2.954E+05  7.237E+03  773.6   79.3   79.4    9.0 
  424.0  1.932E+07  2.845E+05  6.934E+03  773.7   79.3   79.4    9.0 
  425.0  1.891E+07  2.741E+05  6.643E+03  773.7   79.3   79.4    9.0 
  426.0  1.851E+07  2.640E+05  6.364E+03  773.7   79.3   79.4    9.0 
  427.0  1.812E+07  2.543E+05  6.097E+03  773.7   79.3   79.4    9.0 
  428.0  1.773E+07  2.449E+05  5.842E+03  773.7   79.3   79.4    9.0 
  429.0  1.736E+07  2.359E+05  5.597E+03  773.7   79.3   79.4    9.0 
  430.0  1.699E+07  2.272E+05  5.363E+03  773.7   79.3   79.4    9.0 
  431.0  1.663E+07  2.189E+05  5.138E+03  773.7   79.3   79.4    9.0 
  432.0  1.628E+07  2.109E+05  4.923E+03  773.7   79.3   79.4    9.0 
  433.0  1.593E+07  2.031E+05  4.717E+03  773.7   79.3   79.4    9.0 
  434.0  1.560E+07  1.957E+05  4.519E+03  773.7   79.3   79.4    9.0 
  435.0  1.527E+07  1.885E+05  4.330E+03  773.7   79.3   79.4    9.0 
  436.0  1.494E+07  1.816E+05  4.149E+03  773.7   79.3   79.4    9.0 
  437.0  1.463E+07  1.749E+05  3.976E+03  773.7   79.3   79.4    9.0 
  438.0  1.432E+07  1.685E+05  3.810E+03  773.7   79.3   79.4    9.0 
  439.0  1.402E+07  1.623E+05  3.651E+03  773.7   79.3   79.4    9.0 
  440.0  1.372E+07  1.564E+05  3.498E+03  773.7   79.3   79.4    9.0 
  441.0  1.343E+07  1.506E+05  3.352E+03  773.7   79.3   79.4    9.0 
  442.0  1.315E+07  1.451E+05  3.212E+03  773.7   79.3   79.4    9.0 
  443.0  1.287E+07  1.398E+05  3.078E+03  773.7   79.3   79.4    9.0 
  444.0  1.260E+07  1.347E+05  2.950E+03  773.7   79.3   79.4    9.0 
  445.0  1.233E+07  1.298E+05  2.827E+03  773.7   79.3   79.4    9.0 
  446.0  1.207E+07  1.250E+05  2.709E+03  773.7   79.3   79.4    9.0 
  447.0  1.182E+07  1.204E+05  2.596E+03  773.7   79.3   79.4    9.0 
  448.0  1.157E+07  1.160E+05  2.488E+03  773.7   79.3   79.4    9.0 
  449.0  1.133E+07  1.118E+05  2.384E+03  773.7   79.3   79.4    9.0 
  450.0  1.109E+07  1.077E+05  2.285E+03  773.7   79.3   79.4    9.0 
  451.0  1.086E+07  1.038E+05  2.190E+03  773.7   79.3   79.4    9.0 
  452.0  1.063E+07  9.999E+04  2.099E+03  773.7   79.3   79.4    9.0 
  453.0  1.040E+07  9.634E+04  2.011E+03  773.7   79.3   79.4    9.0 
  454.0  1.019E+07  9.282E+04  1.928E+03  773.7   79.3   79.4    9.0 
  455.0  9.971E+06  8.944E+04  1.847E+03  773.7   79.3   79.4    9.0 
  456.0  9.762E+06  8.617E+04  1.771E+03  773.7   79.3   79.4    9.0 
  457.0  9.557E+06  8.303E+04  1.697E+03  773.7   79.3   79.4    9.0 
  458.0  9.356E+06  8.000E+04  1.626E+03  773.7   79.3   79.4    9.0 
  459.0  9.160E+06  7.709E+04  1.559E+03  773.7   79.3   79.4    9.0 
  460.0  8.967E+06  7.428E+04  1.494E+03  773.7   79.3   79.4    9.0 
  461.0  8.779E+06  7.157E+04  1.432E+03  773.7   79.3   79.4    9.0 
  462.0  8.595E+06  6.897E+04  1.373E+03  773.7   79.3   79.4    9.0 
  463.0  8.415E+06  6.646E+04  1.316E+03  773.7   79.3   79.4    9.0 
  464.0  8.239E+06  6.404E+04  1.261E+03  773.7   79.3   79.4    9.0 
  465.0  8.066E+06  6.171E+04  1.209E+03  773.7   79.3   79.4    9.0 
  466.0  7.897E+06  5.947E+04  1.159E+03  773.7   79.3   79.4    9.0 
  467.0  7.732E+06  5.730E+04  1.111E+03  773.7   79.3   79.4    9.0 
  468.0  7.570E+06  5.522E+04  1.065E+03  773.7   79.3   79.4    9.0 
  469.0  7.411E+06  5.321E+04  1.021E+03  773.7   79.3   79.4    9.0 
  470.0  7.256E+06  5.128E+04  9.784E+02  773.7   79.3   79.4    9.0 
  471.0  7.104E+06  4.942E+04  9.379E+02  773.7   79.3   79.4    9.0 
  472.0  6.956E+06  4.762E+04  8.990E+02  773.7   79.3   79.4    9.0 
  473.0  6.810E+06  4.590E+04  8.618E+02  773.7   79.3   79.4    9.0 
  474.0  6.668E+06  4.423E+04  8.262E+02  773.7   79.3   79.4    9.0 
  475.0  6.529E+06  4.263E+04  7.920E+02  773.7   79.3   79.4    9.0 
  476.0  6.392E+06  4.108E+04  7.593E+02  773.7   79.3   79.4    9.0 
  477.0  6.259E+06  3.959E+04  7.279E+02  773.7   79.3   79.4    9.0 
  478.0  6.128E+06  3.816E+04  6.979E+02  773.7   79.3   79.4    9.0 
  479.0  6.000E+06  3.677E+04  6.690E+02  773.7   79.3   79.4    9.0 
  480.0  5.875E+06  3.544E+04  6.414E+02  773.7   79.3   79.4    9.0 
  481.0  5.753E+06  3.416E+04  6.149E+02  773.7   79.3   79.4    9.0 
  482.0  5.633E+06  3.292E+04  5.896E+02  773.7   79.3   79.4    9.0 
  483.0  5.515E+06  3.173E+04  5.652E+02  773.7   79.3   79.4    9.0 
  484.0  5.400E+06  3.058E+04  5.419E+02  773.7   79.3   79.4    9.0 
  485.0  5.288E+06  2.948E+04  5.196E+02  773.7   79.3   79.4    9.0 
  486.0  5.178E+06  2.841E+04  4.982E+02  773.7   79.3   79.4    9.0 
  487.0  5.070E+06  2.738E+04  4.776E+02  773.7   79.3   79.4    9.0 
  488.0  4.964E+06  2.639E+04  4.580E+02  773.7   79.3   79.4    9.0 
  489.0  4.861E+06  2.544E+04  4.391E+02  773.7   79.3   79.4    9.0 
  490.0  4.760E+06  2.452E+04  4.210E+02  773.7   79.3   79.4    9.0 
  491.0  4.661E+06  2.364E+04  4.037E+02  773.7   79.3   79.4    9.0 
  492.0  4.564E+06  2.278E+04  3.871E+02  773.7   79.3   79.4    9.0 
  493.0  4.469E+06  2.196E+04  3.712E+02  773.7   79.3   79.4    9.0 
  494.0  4.376E+06  2.117E+04  3.559E+02  773.7   79.3   79.4    9.0 
  495.0  4.286E+06  2.040E+04  3.413E+02  773.7   79.3   79.4    9.0 
  496.0  4.197E+06  1.967E+04  3.272E+02  773.7   79.3   79.4    9.0 
  497.0  4.109E+06  1.896E+04  3.138E+02  773.7   79.3   79.4    9.0 
  498.0  4.024E+06  1.828E+04  3.009E+02  773.7   79.3   79.4    9.0 
  499.0  3.941E+06  1.762E+04  2.886E+02  773.7   79.3   79.4    9.0 
  500.0  3.859E+06  1.698E+04  2.767E+02  773.7   79.3   79.4    9.0 
  501.0  3.779E+06  1.637E+04  2.653E+02  773.7   79.3   79.4    9.0 
  502.0  3.701E+06  1.578E+04  2.545E+02  773.7   79.3   79.4    9.0 
  503.0  3.624E+06  1.521E+04  2.440E+02  773.7   79.3   79.4    9.0 
  504.0  3.549E+06  1.467E+04  2.340E+02  773.7   79.3   79.4    9.0 
  505.0  3.475E+06  1.414E+04  2.244E+02  773.7   79.3   79.4    9.0 
  506.0  3.403E+06  1.363E+04  2.152E+02  773.7   79.3   79.4    9.0 
  507.0  3.333E+06  1.314E+04  2.064E+02  773.7   79.3   79.4    9.0 
  508.0  3.264E+06  1.267E+04  1.980E+02  773.7   79.3   79.4    9.0 
  509.0  3.196E+06  1.221E+04  1.899E+02  773.7   79.3   79.4    9.0 
  510.0  3.130E+06  1.178E+04  1.821E+02  773.7   79.3   79.4    9.0 
  511.0  3.066E+06  1.135E+04  1.746E+02  773.7   79.3   79.4    9.0 
  512.0  3.002E+06  1.095E+04  1.675E+02  773.7   79.3   79.4    9.0 
  513.0  2.940E+06  1.055E+04  1.606E+02  773.7   79.3   79.4    9.0 
  514.0  2.879E+06  1.017E+04  1.541E+02  773.7   79.3   79.4    9.0 
  515.0  2.820E+06  9.809E+03  1.478E+02  773.7   79.3   79.4    9.0 
  516.0  2.762E+06  9.458E+03  1.417E+02  773.7   79.3   79.4    9.0 
  517.0  2.705E+06  9.119E+03  1.359E+02  773.7   79.3   79.4    9.0 
  518.0  2.649E+06  8.792E+03  1.304E+02  773.7   79.3   79.4    9.0 
  519.0  2.594E+06  8.477E+03  1.251E+02  773.7   79.3   79.4    9.0 
  520.0  2.541E+06  8.174E+03  1.200E+02  773.7   79.3   79.4    9.0 
  521.0  2.488E+06  7.881E+03  1.151E+02  773.7   79.3   79.4    9.0 
  522.0  2.437E+06  7.599E+03  1.104E+02  773.7   79.3   79.4    9.0 
  523.0  2.387E+06  7.327E+03  1.059E+02  773.7   79.3   79.4    9.0 
  524.0  2.338E+06  7.065E+03  1.016E+02  773.7   79.3   79.4    9.0 
  525.0  2.290E+06  6.812E+03  9.741E+01  773.7   79.3   79.4    9.0 
  526.0  2.242E+06  6.569E+03  9.344E+01  773.7   79.3   79.4    9.0 
  527.0  2.196E+06  6.334E+03  8.964E+01  773.7   79.3   79.4    9.0 
  528.0  2.151E+06  6.108E+03  8.599E+01  773.7   79.3   79.4    9.0 
  529.0  2.107E+06  5.890E+03  8.248E+01  773.7   79.3   79.4    9.0 
  530.0  2.064E+06  5.679E+03  7.913E+01  773.7   79.3   79.4    9.0 
  531.0  2.021E+06  5.477E+03  7.591E+01  773.7   79.3   79.4    9.0 
  532.0  1.980E+06  5.281E+03  7.282E+01  773.7   79.3   79.4    9.0 
  533.0  1.939E+06  5.093E+03  6.986E+01  773.7   79.3   79.4    9.0 
  534.0  1.899E+06  4.911E+03  6.702E+01  773.7   79.3   79.4    9.0 
  535.0  1.860E+06  4.736E+03  6.429E+01  773.7   79.3   79.4    9.0 
  536.0  1.822E+06  4.567E+03  6.168E+01  773.7   79.3   79.4    9.0 
  537.0  1.785E+06  4.404E+03  5.918E+01  773.7   79.3   79.4    9.0 
  538.0  1.748E+06  4.248E+03  5.677E+01  773.7   79.3   79.4    9.0 
  539.0  1.712E+06  4.096E+03  5.447E+01  773.7   79.3   79.4    9.0 
  540.0  1.677E+06  3.950E+03  5.226E+01  773.7   79.3   79.4    9.0 
  541.0  1.643E+06  3.810E+03  5.014E+01  773.7   79.3   79.4    9.0 
  542.0  1.609E+06  3.674E+03  4.810E+01  773.7   79.3   79.4    9.0 
  543.0  1.576E+06  3.544E+03  4.615E+01  773.7   79.3   79.4    9.0 
  544.0  1.544E+06  3.418E+03  4.428E+01  773.7   79.3   79.4    9.0 
  545.0  1.512E+06  3.296E+03  4.249E+01  773.7   79.3   79.4    9.0 
  546.0  1.481E+06  3.179E+03  4.077E+01  773.7   79.3   79.4    9.0 
  547.0  1.451E+06  3.066E+03  3.911E+01  773.7   79.3   79.4    9.0 
  548.0  1.421E+06  2.957E+03  3.753E+01  773.7   79.3   79.4    9.0 
  549.0  1.392E+06  2.852E+03  3.601E+01  773.7   79.3   79.4    9.0 
  550.0  1.364E+06  2.751E+03  3.455E+01  773.7   79.3   79.4    9.0 
  551.0  1.336E+06  2.653E+03  3.316E+01  773.7   79.3   79.4    9.0 
  552.0  1.308E+06  2.559E+03  3.181E+01  773.7   79.3   79.4    9.0 
  553.0  1.282E+06  2.468E+03  3.053E+01  773.7   79.3   79.4    9.0 
  554.0  1.256E+06  2.381E+03  2.929E+01  773.7   79.3   79.4    9.0 
  555.0  1.230E+06  2.296E+03  2.811E+01  773.7   79.3   79.4    9.0 
  556.0  1.205E+06  2.215E+03  2.697E+01  773.7   79.3   79.4    9.0 
  557.0  1.180E+06  2.136E+03  2.588E+01  773.7   79.3   79.4    9.0 
  558.0  1.156E+06  2.061E+03  2.484E+01  773.7   79.3   79.4    9.0 
  559.0  1.133E+06  1.988E+03  2.384E+01  773.7   79.3   79.4    9.0 
  560.0  1.110E+06  1.917E+03  2.287E+01  773.7   79.3   79.4    9.0 
  561.0  1.087E+06  1.849E+03  2.195E+01  773.7   79.3   79.4    9.0 
  562.0  1.065E+06  1.784E+03  2.107E+01  773.7   79.3   79.4    9.0 
  563.0  1.043E+06  1.721E+03  2.022E+01  773.7   79.3   79.4    9.0 
  564.0  1.022E+06  1.660E+03  1.940E+01  773.7   79.3   79.4    9.0 
  565.0  1.001E+06  1.601E+03  1.862E+01  773.7   79.3   79.4    9.0 
  566.0  9.806E+05  1.545E+03  1.787E+01  773.7   79.3   79.4    9.0 
  567.0  9.607E+05  1.490E+03  1.715E+01  773.7   79.3   79.4    9.0 
  568.0  9.412E+05  1.438E+03  1.646E+01  773.7   79.3   79.4    9.0 
  569.0  9.220E+05  1.387E+03  1.580E+01  773.7   79.3   79.4    9.0 
  570.0  9.033E+05  1.338E+03  1.516E+01  773.7   79.3   79.4    9.0 
  571.0  8.849E+05  1.291E+03  1.455E+01  773.7   79.3   79.4    9.0 
  572.0  8.669E+05  1.245E+03  1.397E+01  773.7   79.3   79.4    9.0 
  573.0  8.493E+05  1.201E+03  1.340E+01  773.7   79.3   79.4    9.0 
  574.0  8.321E+05  1.159E+03  1.287E+01  773.7   79.3   79.4    9.0 
  575.0  8.152E+05  1.118E+03  1.235E+01  773.7   79.3   79.4    9.0 
  576.0  7.987E+05  1.079E+03  1.185E+01  773.7   79.3   79.4    9.0 
  577.0  7.825E+05  1.041E+03  1.138E+01  773.7   79.3   79.4    9.0 
  578.0  7.666E+05  1.004E+03  1.092E+01  773.7   79.3   79.4    9.0 
  579.0  7.510E+05  9.686E+02  1.048E+01  773.7   79.3   79.4    9.0 
  580.0  7.358E+05  9.345E+02  1.006E+01  773.7   79.3   79.4    9.0 
  581.0  7.209E+05  9.016E+02  9.657E+00  773.7   79.3   79.4    9.0 
  582.0  7.063E+05  8.699E+02  9.270E+00  773.7   79.3   79.4    9.0 
  583.0  6.920E+05  8.393E+02  8.898E+00  773.7   79.3   79.4    9.0 
  584.0  6.780E+05  8.098E+02  8.542E+00  773.7   79.3   79.4    9.0 
  585.0  6.643E+05  7.813E+02  8.199E+00  773.7   79.3   79.4    9.0 
  586.0  6.508E+05  7.538E+02  7.871E+00  773.7   79.3   79.4    9.0 
  587.0  6.377E+05  7.274E+02  7.556E+00  773.7   79.3   79.4    9.0 
  588.0  6.248E+05  7.018E+02  7.253E+00  773.7   79.3   79.4    9.0 
  589.0  6.121E+05  6.772E+02  6.963E+00  773.7   79.3   79.4    9.0 
  590.0  5.998E+05  6.534E+02  6.684E+00  773.7   79.3   79.4    9.0 
  591.0  5.876E+05  6.305E+02  6.417E+00  773.7   79.3   79.4    9.0 
  592.0  5.758E+05  6.083E+02  6.160E+00  773.7   79.3   79.4    9.0 
  593.0  5.641E+05  5.870E+02  5.914E+00  773.7   79.3   79.4    9.0 
  594.0  5.527E+05  5.664E+02  5.677E+00  773.7   79.3   79.4    9.0 
  595.0  5.416E+05  5.466E+02  5.451E+00  773.7   79.3   79.4    9.0 
  596.0  5.307E+05  5.274E+02  5.233E+00  773.7   79.3   79.4    9.0 
  597.0  5.200E+05  5.089E+02  5.024E+00  773.7   79.3   79.4    9.0 
  598.0  5.095E+05  4.911E+02  4.823E+00  773.7   79.3   79.4    9.0 
  599.0  4.992E+05  4.739E+02  4.631E+00  773.7   79.3   79.4    9.0 
  600.0  4.891E+05  4.573E+02  4.446E+00  773.7   79.3   79.4    9.0 
  601.0  4.793E+05  4.413E+02  4.269E+00  773.7   79.3   79.4    9.0 
  602.0  4.696E+05  4.259E+02  4.098E+00  773.7   79.3   79.4    9.0 
  603.0  4.602E+05  4.110E+02  3.935E+00  773.7   79.3   79.4    9.0 
  604.0  4.509E+05  3.966E+02  3.778E+00  773.7   79.3   79.4    9.0 
  605.0  4.418E+05  3.828E+02  3.628E+00  773.7   79.3   79.4    9.0 
  606.0  4.329E+05  3.694E+02  3.483E+00  773.7   79.3   79.4    9.0 
  607.0  4.242E+05  3.565E+02  3.344E+00  773.7   79.3   79.4    9.0 
  608.0  4.157E+05  3.440E+02  3.211E+00  773.7   79.3   79.4    9.0 
  609.0  4.073E+05  3.320E+02  3.083E+00  773.7   79.3   79.4    9.0 
  610.0  3.992E+05  3.204E+02  2.961E+00  773.7   79.3   79.4    9.0 
  611.0  3.911E+05  3.092E+02  2.843E+00  773.7   79.3   79.4    9.0 
  612.0  3.833E+05  2.985E+02  2.730E+00  773.7   79.3   79.4    9.0 
  613.0  3.756E+05  2.881E+02  2.621E+00  773.7   79.3   79.4    9.0 
  614.0  3.680E+05  2.780E+02  2.517E+00  773.7   79.3   79.4    9.0 
  615.0  3.607E+05  2.683E+02  2.417E+00  773.7   79.3   79.4    9.0 
  616.0  3.534E+05  2.590E+02  2.321E+00  773.7   79.3   79.4    9.0 
  617.0  3.463E+05  2.499E+02  2.229E+00  773.7   79.3   79.4    9.0 
  618.0  3.394E+05  2.412E+02  2.140E+00  773.7   79.3   79.4    9.0 
  619.0  3.326E+05  2.328E+02  2.055E+00  773.7   79.3   79.4    9.0 
  620.0  3.259E+05  2.247E+02  1.974E+00  773.7   79.3   79.4    9.0 
  621.0  3.194E+05  2.169E+02  1.896E+00  773.7   79.3   79.4    9.0 
  622.0  3.130E+05  2.094E+02  1.820E+00  773.7   79.3   79.4    9.0 
  623.0  3.067E+05  2.021E+02  1.748E+00  773.7   79.3   79.4    9.0 
  624.0  3.006E+05  1.951E+02  1.679E+00  773.7   79.3   79.4    9.0 
  625.0  2.946E+05  1.883E+02  1.612E+00  773.7   79.3   79.4    9.0 
  626.0  2.887E+05  1.817E+02  1.549E+00  773.7   79.3   79.4    9.0 
  627.0  2.829E+05  1.754E+02  1.487E+00  773.7   79.3   79.4    9.0 
  628.0  2.773E+05  1.693E+02  1.428E+00  773.7   79.3   79.4    9.0 
  629.0  2.717E+05  1.635E+02  1.372E+00  773.7   79.3   79.4    9.0 
  630.0  2.663E+05  1.578E+02  1.318E+00  773.7   79.3   79.4    9.0 
  631.0  2.610E+05  1.523E+02  1.265E+00  773.7   79.3   79.4    9.0 
  632.0  2.557E+05  1.470E+02  1.215E+00  773.7   79.3   79.4    9.0 
  633.0  2.506E+05  1.419E+02  1.167E+00  773.7   79.3   79.4    9.0 
  634.0  2.456E+05  1.370E+02  1.121E+00  773.7   79.3   79.4    9.0 
  635.0  2.407E+05  1.323E+02  1.077E+00  773.7   79.3   79.4    9.0 
  636.0  2.359E+05  1.277E+02  1.034E+00  773.7   79.3   79.4    9.0 
  637.0  2.312E+05  1.233E+02  9.935E-01  773.7   79.3   79.4    9.0 
  638.0  2.266E+05  1.190E+02  9.543E-01  773.7   79.3   79.4    9.0 
  639.0  2.221E+05  1.149E+02  9.166E-01  773.7   79.3   79.4    9.0 
  640.0  2.177E+05  1.109E+02  8.805E-01  773.7   79.3   79.4    9.0 
  641.0  2.133E+05  1.071E+02  8.457E-01  773.7   79.3   79.4    9.0 
  642.0  2.091E+05  1.033E+02  8.124E-01  773.7   79.3   79.4    9.0 
  643.0  2.049E+05  9.977E+01  7.804E-01  773.7   79.3   79.4    9.0 
  644.0  2.008E+05  9.633E+01  7.496E-01  773.7   79.3   79.4    9.0 
  645.0  1.969E+05  9.300E+01  7.201E-01  773.7   79.3   79.4    9.0 
  646.0  1.929E+05  8.978E+01  6.917E-01  773.7   79.3   79.4    9.0 
  647.0  1.891E+05  8.668E+01  6.645E-01  773.7   79.3   79.4    9.0 
  648.0  1.853E+05  8.369E+01  6.383E-01  773.7   79.3   79.4    9.0 
  649.0  1.817E+05  8.080E+01  6.132E-01  773.7   79.3   79.4    9.0 
  650.0  1.780E+05  7.801E+01  5.891E-01  773.7   79.3   79.4    9.0 
  651.0  1.745E+05  7.532E+01  5.659E-01  773.7   79.3   79.4    9.0 
  652.0  1.710E+05  7.272E+01  5.436E-01  773.7   79.3   79.4    9.0 
  653.0  1.676E+05  7.021E+01  5.223E-01  773.7   79.3   79.4    9.0 
  654.0  1.643E+05  6.779E+01  5.017E-01  773.7   79.3   79.4    9.0 
  655.0  1.611E+05  6.546E+01  4.820E-01  773.7   79.3   79.4    9.0 
  656.0  1.579E+05  6.320E+01  4.631E-01  773.7   79.3   79.4    9.0 
  657.0  1.547E+05  6.102E+01  4.449E-01  773.7   79.3   79.4    9.0 
  658.0  1.517E+05  5.892E+01  4.274E-01  773.7   79.3   79.4    9.0 
  659.0  1.487E+05  5.689E+01  4.107E-01  773.7   79.3   79.4    9.0 
  660.0  1.457E+05  5.493E+01  3.945E-01  773.7   79.3   79.4    9.0 
  661.0  1.428E+05  5.304E+01  3.791E-01  773.7   79.3   79.4    9.0 
  662.0  1.400E+05  5.122E+01  3.642E-01  773.7   79.3   79.4    9.0 
  663.0  1.372E+05  4.946E+01  3.499E-01  773.7   79.3   79.4    9.0 
  664.0  1.345E+05  4.776E+01  3.362E-01  773.7   79.3   79.4    9.0 
  665.0  1.318E+05  4.612E+01  3.230E-01  773.7   79.3   79.4    9.0 
  666.0  1.292E+05  4.453E+01  3.104E-01  773.7   79.3   79.4    9.0 
  667.0  1.267E+05  4.300E+01  2.982E-01  773.7   79.3   79.4    9.0 
  668.0  1.242E+05  4.153E+01  2.866E-01  773.7   79.3   79.4    9.0 
  669.0  1.217E+05  4.010E+01  2.753E-01  773.7   79.3   79.4    9.0 
  670.0  1.193E+05  3.872E+01  2.646E-01  773.7   79.3   79.4    9.0 
  671.0  1.170E+05  3.740E+01  2.542E-01  773.7   79.3   79.4    9.0 
  672.0  1.147E+05  3.611E+01  2.443E-01  773.7   79.3   79.4    9.0 
  673.0  1.124E+05  3.487E+01  2.347E-01  773.7   79.3   79.4    9.0 
  674.0  1.102E+05  3.368E+01  2.256E-01  773.7   79.3   79.4    9.0 
  675.0  1.080E+05  3.252E+01  2.167E-01  773.7   79.3   79.4    9.0 
  676.0  1.059E+05  3.141E+01  2.083E-01  773.7   79.3   79.4    9.0 
  677.0  1.038E+05  3.033E+01  2.001E-01  773.7   79.3   79.4    9.0 
  678.0  1.017E+05  2.929E+01  1.923E-01  773.7   79.3   79.4    9.0 
  679.0  9.973E+04  2.829E+01  1.848E-01  773.7   79.3   79.4    9.0 
  680.0  9.776E+04  2.732E+01  1.776E-01  773.7   79.3   79.4    9.0 
  681.0  9.584E+04  2.639E+01  1.707E-01  773.7   79.3   79.4    9.0 
  682.0  9.395E+04  2.549E+01  1.640E-01  773.7   79.3   79.4    9.0 
  683.0  9.210E+04  2.461E+01  1.576E-01  773.7   79.3   79.4    9.0 
  684.0  9.029E+04  2.377E+01  1.515E-01  773.7   79.3   79.4    9.0 
  685.0  8.851E+04  2.296E+01  1.456E-01  773.7   79.3   79.4    9.0 
  686.0  8.677E+04  2.218E+01  1.399E-01  773.7   79.3   79.4    9.0 
  687.0  8.507E+04  2.142E+01  1.345E-01  773.7   79.3   79.4    9.0 
  688.0  8.339E+04  2.069E+01  1.292E-01  773.7   79.3   79.4    9.0 
  689.0  8.175E+04  1.998E+01  1.242E-01  773.7   79.3   79.4    9.0 
  690.0  8.015E+04  1.930E+01  1.194E-01  773.7   79.3   79.4    9.0 
  691.0  7.857E+04  1.864E+01  1.147E-01  773.7   79.3   79.4    9.0 
  692.0  7.703E+04  1.800E+01  1.103E-01  773.7   79.3   79.4    9.0 
  693.0  7.552E+04  1.739E+01  1.060E-01  773.7   79.3   79.4    9.0 
  694.0  7.404E+04  1.680E+01  1.019E-01  773.7   79.3   79.4    9.0 
  695.0  7.258E+04  1.623E+01  9.790E-02  773.7   79.3   79.4    9.0 
  696.0  7.116E+04  1.567E+01  9.410E-02  773.7   79.3   79.4    9.0 
  697.0  6.976E+04  1.514E+01  9.044E-02  773.7   79.3   79.4    9.0 
  698.0  6.840E+04  1.462E+01  8.693E-02  773.7   79.3   79.4    9.0 
  699.0  6.706E+04  1.413E+01  8.356E-02  773.7   79.3   79.4    9.0 
  700.0  6.574E+04  1.364E+01  8.031E-02  773.7   79.3   79.4    9.0 
  701.0  6.445E+04  1.318E+01  7.720E-02  773.7   79.3   79.4    9.0 
  702.0  6.319E+04  1.273E+01  7.420E-02  773.7   79.3   79.4    9.0 
  703.0  6.196E+04  1.230E+01  7.133E-02  773.7   79.3   79.4    9.0 
  704.0  6.074E+04  1.188E+01  6.856E-02  773.7   79.3   79.4    9.0 
  705.0  5.955E+04  1.148E+01  6.591E-02  773.7   79.3   79.4    9.0 
  706.0  5.839E+04  1.109E+01  6.335E-02  773.7   79.3   79.4    9.0 
  707.0  5.725E+04  1.071E+01  6.090E-02  773.7   79.3   79.4    9.0 
  708.0  5.613E+04  1.035E+01  5.854E-02  773.7   79.3   79.4    9.0 
  709.0  5.503E+04  9.995E+00  5.628E-02  773.7   79.3   79.4    9.0 
  710.0  5.396E+04  9.656E+00  5.410E-02  773.7   79.3   79.4    9.0 
  711.0  5.290E+04  9.328E+00  5.201E-02  773.7   79.3   79.4    9.0 
  712.0  5.187E+04  9.012E+00  4.999E-02  773.7   79.3   79.4    9.0 
  713.0  5.086E+04  8.706E+00  4.806E-02  773.7   79.3   79.4    9.0 
  714.0  4.986E+04  8.411E+00  4.620E-02  773.7   79.3   79.4    9.0 
  715.0  4.889E+04  8.126E+00  4.442E-02  773.7   79.3   79.4    9.0 
  716.0  4.794E+04  7.851E+00  4.270E-02  773.7   79.3   79.4    9.0 
  717.0  4.700E+04  7.585E+00  4.105E-02  773.7   79.3   79.4    9.0 
  718.0  4.609E+04  7.328E+00  3.947E-02  773.7   79.3   79.4    9.0 
  719.0  4.519E+04  7.080E+00  3.795E-02  773.7   79.3   79.4    9.0 
  720.0  4.431E+04  6.840E+00  3.648E-02  773.7   79.3   79.4    9.0 
  721.0  4.345E+04  6.609E+00  3.507E-02  773.7   79.3   79.4    9.0 
  722.0  4.260E+04  6.385E+00  3.372E-02  773.7   79.3   79.4    9.0 
  723.0  4.177E+04  6.169E+00  3.242E-02  773.7   79.3   79.4    9.0 
  724.0  4.096E+04  5.961E+00  3.117E-02  773.7   79.3   79.4    9.0 
  725.0  4.016E+04  5.759E+00  2.997E-02  773.7   79.3   79.4    9.0 
  726.0  3.938E+04  5.565E+00  2.882E-02  773.7   79.3   79.4    9.0 
  727.0  3.861E+04  5.377E+00  2.771E-02  773.7   79.3   79.4    9.0 
  728.0  3.786E+04  5.195E+00  2.664E-02  773.7   79.3   79.4    9.0 
  729.0  3.713E+04  5.020E+00  2.561E-02  773.7   79.3   79.4    9.0 
  730.0  3.641E+04  4.850E+00  2.463E-02  773.7   79.3   79.4    9.0 
  731.0  3.570E+04  4.687E+00  2.368E-02  773.7   79.3   79.4    9.0 
  732.0  3.501E+04  4.529E+00  2.277E-02  773.7   79.3   79.4    9.0 
  733.0  3.433E+04  4.376E+00  2.189E-02  773.7   79.3   79.4    9.0 
  734.0  3.366E+04  4.228E+00  2.105E-02  773.7   79.3   79.4    9.0 
  735.0  3.301E+04  4.086E+00  2.024E-02  773.7   79.3   79.4    9.0 
  736.0  3.237E+04  3.948E+00  1.947E-02  773.7   79.3   79.4    9.0 
  737.0  3.174E+04  3.815E+00  1.872E-02  773.7   79.3   79.4    9.0 
  738.0  3.112E+04  3.687E+00  1.800E-02  773.7   79.3   79.4    9.0 
  739.0  3.052E+04  3.562E+00  1.731E-02  773.7   79.3   79.4    9.0 
  740.0  2.993E+04  3.443E+00  1.664E-02  773.7   79.3   79.4    9.0 
  741.0  2.935E+04  3.327E+00  1.601E-02  773.7   79.3   79.4    9.0 
  742.0  2.878E+04  3.215E+00  1.539E-02  773.7   79.3   79.4    9.0 
  743.0  2.822E+04  3.107E+00  1.480E-02  773.7   79.3   79.4    9.0 
  744.0  2.768E+04  3.002E+00  1.423E-02  773.7   79.3   79.4    9.0 
  745.0  2.714E+04  2.901E+00  1.369E-02  773.7   79.3   79.4    9.0 
  746.0  2.662E+04  2.804E+00  1.316E-02  773.7   79.3   79.4    9.0 
  747.0  2.610E+04  2.710E+00  1.266E-02  773.7   79.3   79.4    9.0 
  748.0  2.560E+04  2.619E+00  1.218E-02  773.7   79.3   79.4    9.0 
  749.0  2.510E+04  2.531E+00  1.171E-02  773.7   79.3   79.4    9.0 
  750.0  2.462E+04  2.446E+00  1.126E-02  773.7   79.3   79.4    9.0 
  751.0  2.414E+04  2.364E+00  1.083E-02  773.7   79.3   79.4    9.0 
  752.0  2.368E+04  2.284E+00  1.042E-02  773.7   79.3   79.4    9.0 
  753.0  2.322E+04  2.208E+00  1.002E-02  773.7   79.3   79.4    9.0 
  754.0  2.277E+04  2.134E+00  9.635E-03  773.7   79.3   79.4    9.0 
  755.0  2.233E+04  2.062E+00  9.267E-03  773.7   79.3   79.4    9.0 
  756.0  2.190E+04  1.993E+00  8.913E-03  773.7   79.3   79.4    9.0 
  757.0  2.148E+04  1.926E+00  8.573E-03  773.7   79.3   79.4    9.0 
  758.0  2.106E+04  1.862E+00  8.245E-03  773.7   79.3   79.4    9.0 
  759.0  2.066E+04  1.800E+00  7.931E-03  773.7   79.3   79.4    9.0 
  760.0  2.026E+04  1.739E+00  7.628E-03  773.7   79.3   79.4    9.0 
  761.0  1.987E+04  1.681E+00  7.337E-03  773.7   79.3   79.4    9.0 
  762.0  1.949E+04  1.625E+00  7.057E-03  773.7   79.3   79.4    9.0 
  763.0  1.911E+04  1.570E+00  6.788E-03  773.7   79.3   79.4    9.0 
  764.0  1.874E+04  1.518E+00  6.529E-03  773.7   79.3   79.4    9.0 
  765.0  1.838E+04  1.467E+00  6.280E-03  773.7   79.3   79.4    9.0 
  766.0  1.803E+04  1.418E+00  6.041E-03  773.7   79.3   79.4    9.0 
  767.0  1.768E+04  1.371E+00  5.811E-03  773.7   79.3   79.4    9.0 
  768.0  1.734E+04  1.325E+00  5.590E-03  773.7   79.3   79.4    9.0 
  769.0  1.701E+04  1.281E+00  5.377E-03  773.7   79.3   79.4    9.0 
  770.0  1.668E+04  1.238E+00  5.172E-03  773.7   79.3   79.4    9.0 
  771.0  1.636E+04  1.197E+00  4.976E-03  773.7   79.3   79.4    9.0 
  772.0  1.605E+04  1.157E+00  4.786E-03  773.7   79.3   79.4    9.0 
  773.0  1.574E+04  1.118E+00  4.604E-03  773.7   79.3   79.4    9.0 
  774.0  1.544E+04  1.081E+00  4.429E-03  773.7   79.3   79.4    9.0 
  775.0  1.514E+04  1.045E+00  4.261E-03  773.7   79.3   79.4    9.0 
  776.0  1.485E+04  1.010E+00  4.099E-03  773.7   79.3   79.4    9.0 
  777.0  1.457E+04  9.764E-01  3.943E-03  773.7   79.3   79.4    9.0 
  778.0  1.429E+04  9.439E-01  3.794E-03  773.7   79.3   79.4    9.0 
  779.0  1.401E+04  9.125E-01  3.650E-03  773.7   79.3   79.4    9.0 
  780.0  1.375E+04  8.821E-01  3.511E-03  773.7   79.3   79.4    9.0 
  781.0  1.348E+04  8.527E-01  3.378E-03  773.7   79.3   79.4    9.0 
  782.0  1.322E+04  8.244E-01  3.250E-03  773.7   79.3   79.4    9.0 
  783.0  1.297E+04  7.970E-01  3.126E-03  773.7   79.3   79.4    9.0 
  784.0  1.272E+04  7.705E-01  3.008E-03  773.7   79.3   79.4    9.0 
  785.0  1.248E+04  7.448E-01  2.894E-03  773.7   79.3   79.4    9.0 
  786.0  1.224E+04  7.201E-01  2.784E-03  773.7   79.3   79.4    9.0 
  787.0  1.201E+04  6.962E-01  2.679E-03  773.7   79.3   79.4    9.0 
  788.0  1.178E+04  6.730E-01  2.577E-03  773.7   79.3   79.4    9.0 
  789.0  1.155E+04  6.507E-01  2.480E-03  773.7   79.3   79.4    9.0 
  790.0  1.133E+04  6.291E-01  2.386E-03  773.7   79.3   79.4    9.0 
  791.0  1.111E+04  6.082E-01  2.296E-03  773.7   79.3   79.4    9.0 
  792.0  1.090E+04  5.880E-01  2.209E-03  773.7   79.3   79.4    9.0 
  793.0  1.069E+04  5.685E-01  2.125E-03  773.7   79.3   79.4    9.0 
  794.0  1.049E+04  5.497E-01  2.045E-03  773.7   79.3   79.4    9.0 
  795.0  1.029E+04  5.314E-01  1.968E-03  773.7   79.3   79.4    9.0 
  796.0  1.009E+04  5.138E-01  1.893E-03  773.7   79.3   79.4    9.0 
  797.0  9.901E+03  4.968E-01  1.822E-03  773.7   79.3   79.4    9.0 
  798.0  9.713E+03  4.804E-01  1.753E-03  773.7   79.3   79.4    9.0 
  799.0  9.527E+03  4.644E-01  1.687E-03  773.7   79.3   79.4    9.0 
  800.0  9.346E+03  4.491E-01  1.623E-03  773.7   79.3   79.4    9.0 
  801.0  9.168E+03  4.342E-01  1.562E-03  773.7   79.3   79.4    9.0 
  802.0  8.993E+03  4.198E-01  1.503E-03  773.7   79.3   79.4    9.0 
  803.0  8.822E+03  4.060E-01  1.446E-03  773.7   79.3   79.4    9.0 
  804.0  8.654E+03  3.925E-01  1.392E-03  773.7   79.3   79.4    9.0 
  805.0  8.490E+03  3.796E-01  1.339E-03  773.7   79.3   79.4    9.0 
  806.0  8.328E+03  3.670E-01  1.289E-03  773.7   79.3   79.4    9.0 
  807.0  8.170E+03  3.549E-01  1.240E-03  773.7   79.3   79.4    9.0 
  808.0  8.014E+03  3.432E-01  1.194E-03  773.7   79.3   79.4    9.0 
  809.0  7.862E+03  3.318E-01  1.149E-03  773.7   79.3   79.4    9.0 
  810.0  7.713E+03  3.209E-01  1.105E-03  773.7   79.3   79.4    9.0 
  811.0  7.566E+03  3.103E-01  1.064E-03  773.7   79.3   79.4    9.0 
  812.0  7.422E+03  3.000E-01  1.024E-03  773.7   79.3   79.4    9.0 
  813.0  7.281E+03  2.901E-01  9.852E-04  773.7   79.3   79.4    9.0 
  814.0  7.143E+03  2.806E-01  9.482E-04  773.7   79.3   79.4    9.0 
  815.0  7.008E+03  2.713E-01  9.126E-04  773.7   79.3   79.4    9.0 
  816.0  6.875E+03  2.624E-01  8.783E-04  773.7   79.3   79.4    9.0 
  817.0  6.744E+03  2.537E-01  8.453E-04  773.7   79.3   79.4    9.0 
  818.0  6.617E+03  2.454E-01  8.135E-04  773.7   79.3   79.4    9.0 
  819.0  6.491E+03  2.373E-01  7.830E-04  773.7   79.3   79.4    9.0 
  820.0  6.368E+03  2.295E-01  7.536E-04  773.7   79.3   79.4    9.0 
  821.0  6.248E+03  2.219E-01  7.253E-04  773.7   79.3   79.4    9.0 
  822.0  6.129E+03  2.146E-01  6.981E-04  773.7   79.3   79.4    9.0 
  823.0  6.013E+03  2.076E-01  6.719E-04  773.7   79.3   79.4    9.0 
  824.0  5.899E+03  2.007E-01  6.467E-04  773.7   79.3   79.4    9.0 
  825.0  5.788E+03  1.941E-01  6.225E-04  773.7   79.3   79.4    9.0 
  826.0  5.678E+03  1.878E-01  5.991E-04  773.7   79.3   79.4    9.0 
  827.0  5.571E+03  1.816E-01  5.767E-04  773.7   79.3   79.4    9.0 
  828.0  5.465E+03  1.756E-01  5.551E-04  773.7   79.3   79.4    9.0 
  829.0  5.362E+03  1.699E-01  5.343E-04  773.7   79.3   79.4    9.0 
  830.0  5.261E+03  1.643E-01  5.143E-04  773.7   79.3   79.4    9.0 
  831.0  5.161E+03  1.589E-01  4.950E-04  773.7   79.3   79.4    9.0 
  832.0  5.064E+03  1.537E-01  4.765E-04  773.7   79.3   79.4    9.0 
  833.0  4.968E+03  1.486E-01  4.587E-04  773.7   79.3   79.4    9.0 
  834.0  4.875E+03  1.438E-01  4.415E-04  773.7   79.3   79.4    9.0 
  835.0  4.783E+03  1.390E-01  4.250E-04  773.7   79.3   79.4    9.0 
  836.0  4.692E+03  1.345E-01  4.092E-04  773.7   79.3   79.4    9.0 
  837.0  4.604E+03  1.301E-01  3.939E-04  773.7   79.3   79.4    9.0 
  838.0  4.517E+03  1.258E-01  3.792E-04  773.7   79.3   79.4    9.0 
  839.0  4.432E+03  1.217E-01  3.650E-04  773.7   79.3   79.4    9.0 
  840.0  4.348E+03  1.177E-01  3.514E-04  773.7   79.3   79.4    9.0 
  841.0  4.266E+03  1.139E-01  3.383E-04  773.7   79.3   79.4    9.0 
  842.0  4.186E+03  1.101E-01  3.256E-04  773.7   79.3   79.4    9.0 
  843.0  4.107E+03  1.065E-01  3.135E-04  773.7   79.3   79.4    9.0 
  844.0  4.030E+03  1.030E-01  3.018E-04  773.7   79.3   79.4    9.0 
  845.0  3.954E+03  9.967E-02  2.905E-04  773.7   79.3   79.4    9.0 
  846.0  3.880E+03  9.641E-02  2.797E-04  773.7   79.3   79.4    9.0 
  847.0  3.807E+03  9.326E-02  2.693E-04  773.7   79.3   79.4    9.0 
  848.0  3.735E+03  9.021E-02  2.593E-04  773.7   79.3   79.4    9.0 
  849.0  3.665E+03  8.727E-02  2.496E-04  773.7   79.3   79.4    9.0 
  850.0  3.596E+03  8.442E-02  2.403E-04  773.7   79.3   79.4    9.0 
  851.0  3.529E+03  8.166E-02  2.314E-04  773.7   79.3   79.4    9.0 
  852.0  3.462E+03  7.900E-02  2.228E-04  773.7   79.3   79.4    9.0 
  853.0  3.397E+03  7.642E-02  2.145E-04  773.7   79.3   79.4    9.0 
  854.0  3.333E+03  7.393E-02  2.065E-04  773.7   79.3   79.4    9.0 
  855.0  3.271E+03  7.151E-02  1.988E-04  773.7   79.3   79.4    9.0 
  856.0  3.210E+03  6.918E-02  1.914E-04  773.7   79.3   79.4    9.0 
  857.0  3.149E+03  6.693E-02  1.843E-04  773.7   79.3   79.4    9.0 
  858.0  3.090E+03  6.475E-02  1.775E-04  773.7   79.3   79.4    9.0 
  859.0  3.032E+03  6.264E-02  1.709E-04  773.7   79.3   79.4    9.0 
  860.0  2.976E+03  6.060E-02  1.645E-04  773.7   79.3   79.4    9.0 
  861.0  2.920E+03  5.863E-02  1.584E-04  773.7   79.3   79.4    9.0 
  862.0  2.865E+03  5.672E-02  1.525E-04  773.7   79.3   79.4    9.0 
  863.0  2.811E+03  5.487E-02  1.469E-04  773.7   79.3   79.4    9.0 
  864.0  2.759E+03  5.309E-02  1.414E-04  773.7   79.3   79.4    9.0 
  865.0  2.707E+03  5.136E-02  1.362E-04  773.7   79.3   79.4    9.0 
  866.0  2.657E+03  4.969E-02  1.311E-04  773.7   79.3   79.4    9.0 
  867.0  2.607E+03  4.808E-02  1.263E-04  773.7   79.3   79.4    9.0 
  868.0  2.558E+03  4.651E-02  1.216E-04  773.7   79.3   79.4    9.0 
  869.0  2.510E+03  4.500E-02  1.171E-04  773.7   79.3   79.4    9.0 
  870.0  2.463E+03  4.354E-02  1.128E-04  773.7   79.3   79.4    9.0 
  871.0  2.417E+03  4.213E-02  1.086E-04  773.7   79.3   79.4    9.0 
  872.0  2.372E+03  4.076E-02  1.046E-04  773.7   79.3   79.4    9.0 
  873.0  2.328E+03  3.944E-02  1.007E-04  773.7   79.3   79.4    9.0 
  874.0  2.284E+03  3.816E-02  9.697E-05  773.7   79.3   79.4    9.0 
  875.0  2.242E+03  3.692E-02  9.338E-05  773.7   79.3   79.4    9.0 
  876.0  2.200E+03  3.572E-02  8.993E-05  773.7   79.3   79.4    9.0 
  877.0  2.159E+03  3.456E-02  8.661E-05  773.7   79.3   79.4    9.0 
  878.0  2.119E+03  3.344E-02  8.341E-05  773.7   79.3   79.4    9.0 
  879.0  2.079E+03  3.236E-02  8.033E-05  773.7   79.3   79.4    9.0 
  880.0  2.040E+03  3.131E-02  7.736E-05  773.7   79.3   79.4    9.0 
  881.0  2.002E+03  3.030E-02  7.450E-05  773.7   79.3   79.4    9.0 
  882.0  1.965E+03  2.932E-02  7.175E-05  773.7   79.3   79.4    9.0 
  883.0  1.928E+03  2.837E-02  6.911E-05  773.7   79.3   79.4    9.0 
  884.0  1.893E+03  2.745E-02  6.656E-05  773.7   79.3   79.4    9.0 
  885.0  1.857E+03  2.656E-02  6.410E-05  773.7   79.3   79.4    9.0 
  886.0  1.823E+03  2.570E-02  6.174E-05  773.7   79.3   79.4    9.0 
  887.0  1.789E+03  2.487E-02  5.946E-05  773.7   79.3   79.4    9.0 
  888.0  1.756E+03  2.407E-02  5.727E-05  773.7   79.3   79.4    9.0 
  889.0  1.723E+03  2.329E-02  5.516E-05  773.7   79.3   79.4    9.0 
  890.0  1.691E+03  2.254E-02  5.313E-05  773.7   79.3   79.4    9.0 
  891.0  1.659E+03  2.181E-02  5.117E-05  773.7   79.3   79.4    9.0 
  892.0  1.629E+03  2.111E-02  4.929E-05  773.7   79.3   79.4    9.0 
  893.0  1.598E+03  2.043E-02  4.748E-05  773.7   79.3   79.4    9.0 
  894.0  1.569E+03  1.977E-02  4.573E-05  773.7   79.3   79.4    9.0 
  895.0  1.540E+03  1.913E-02  4.405E-05  773.7   79.3   79.4    9.0 
  896.0  1.511E+03  1.851E-02  4.243E-05  773.7   79.3   79.4    9.0 
  897.0  1.483E+03  1.792E-02  4.087E-05  773.7   79.3   79.4    9.0 
  898.0  1.456E+03  1.734E-02  3.937E-05  773.7   79.3   79.4    9.0 
  899.0  1.429E+03  1.678E-02  3.792E-05  773.7   79.3   79.4    9.0 
  900.0  1.402E+03  1.624E-02  3.653E-05  773.7   79.3   79.4    9.0 
  901.0  1.376E+03  1.572E-02  3.519E-05  773.7   79.3   79.4    9.0 
  902.0  1.351E+03  1.521E-02  3.389E-05  773.7   79.3   79.4    9.0 
  903.0  1.326E+03  1.472E-02  3.265E-05  773.7   79.3   79.4    9.0 
  904.0  1.301E+03  1.425E-02  3.145E-05  773.7   79.3   79.4    9.0 
  905.0  1.277E+03  1.379E-02  3.030E-05  773.7   79.3   79.4    9.0 
  906.0  1.253E+03  1.334E-02  2.919E-05  773.7   79.3   79.4    9.0 
  907.0  1.230E+03  1.292E-02  2.812E-05  773.7   79.3   79.4    9.0 
  908.0  1.207E+03  1.250E-02  2.709E-05  773.7   79.3   79.4    9.0 
  909.0  1.185E+03  1.210E-02  2.609E-05  773.7   79.3   79.4    9.0 
  910.0  1.163E+03  1.171E-02  2.514E-05  773.7   79.3   79.4    9.0 
  911.0  1.142E+03  1.133E-02  2.422E-05  773.7   79.3   79.4    9.0 
  912.0  1.121E+03  1.097E-02  2.333E-05  773.7   79.3   79.4    9.0 
  913.0  1.100E+03  1.062E-02  2.248E-05  773.7   79.3   79.4    9.0 
  914.0  1.080E+03  1.028E-02  2.165E-05  773.7   79.3   79.4    9.0 
  915.0  1.060E+03  9.947E-03  2.086E-05  773.7   79.3   79.4    9.0 
  916.0  1.040E+03  9.628E-03  2.010E-05  773.7   79.3   79.4    9.0 
  917.0  1.021E+03  9.320E-03  1.936E-05  773.7   79.3   79.4    9.0 
  918.0  1.002E+03  9.021E-03  1.866E-05  773.7   79.3   79.4    9.0 
  919.0  9.835E+02  8.732E-03  1.798E-05  773.7   79.3   79.4    9.0 
  920.0  9.654E+02  8.452E-03  1.732E-05  773.7   79.3   79.4    9.0 
  921.0  9.476E+02  8.181E-03  1.669E-05  773.7   79.3   79.4    9.0 
  922.0  9.301E+02  7.919E-03  1.608E-05  773.7   79.3   79.4    9.0 
  923.0  9.130E+02  7.666E-03  1.549E-05  773.7   79.3   79.4    9.0 
  924.0  8.962E+02  7.420E-03  1.492E-05  773.7   79.3   79.4    9.0 
  925.0  8.797E+02  7.183E-03  1.438E-05  773.7   79.3   79.4    9.0 
  926.0  8.635E+02  6.953E-03  1.386E-05  773.7   79.3   79.4    9.0 
  927.0  8.476E+02  6.731E-03  1.335E-05  773.7   79.3   79.4    9.0 
  928.0  8.320E+02  6.516E-03  1.286E-05  773.7   79.3   79.4    9.0 
  929.0  8.167E+02  6.307E-03  1.239E-05  773.7   79.3   79.4    9.0 
  930.0  8.017E+02  6.106E-03  1.194E-05  773.7   79.3   79.4    9.0 
  931.0  7.870E+02  5.911E-03  1.151E-05  773.7   79.3   79.4    9.0 
  932.0  7.725E+02  5.722E-03  1.109E-05  773.7   79.3   79.4    9.0 
  933.0  7.583E+02  5.539E-03  1.069E-05  773.7   79.3   79.4    9.0 
  934.0  7.444E+02  5.363E-03  1.030E-05  773.7   79.3   79.4    9.0 
  935.0  7.307E+02  5.191E-03  9.922E-06  773.7   79.3   79.4    9.0 
  936.0  7.173E+02  5.026E-03  9.561E-06  773.7   79.3   79.4    9.0 
  937.0  7.041E+02  4.865E-03  9.213E-06  773.7   79.3   79.4    9.0 
  938.0  6.912E+02  4.710E-03  8.878E-06  773.7   79.3   79.4    9.0 
  939.0  6.785E+02  4.560E-03  8.556E-06  773.7   79.3   79.4    9.0 
  940.0  6.661E+02  4.415E-03  8.245E-06  773.7   79.3   79.4    9.0 
  941.0  6.539E+02  4.274E-03  7.945E-06  773.7   79.3   79.4    9.0 
  942.0  6.419E+02  4.138E-03  7.657E-06  773.7   79.3   79.4    9.0 
  943.0  6.301E+02  4.006E-03  7.379E-06  773.7   79.3   79.4    9.0 
  944.0  6.186E+02  3.879E-03  7.111E-06  773.7   79.3   79.4    9.0 
  945.0  6.073E+02  3.755E-03  6.853E-06  773.7   79.3   79.4    9.0 
  946.0  5.962E+02  3.636E-03  6.604E-06  773.7   79.3   79.4    9.0 
  947.0  5.852E+02  3.520E-03  6.365E-06  773.7   79.3   79.4    9.0 
  948.0  5.745E+02  3.408E-03  6.134E-06  773.7   79.3   79.4    9.0 
  949.0  5.640E+02  3.300E-03  5.912E-06  773.7   79.3   79.4    9.0 
  950.0  5.537E+02  3.195E-03  5.697E-06  773.7   79.3   79.4    9.0 
  951.0  5.436E+02  3.094E-03  5.491E-06  773.7   79.3   79.4    9.0 
  952.0  5.337E+02  2.995E-03  5.292E-06  773.7   79.3   79.4    9.0 
  953.0  5.239E+02  2.900E-03  5.100E-06  773.7   79.3   79.4    9.0 
  954.0  5.143E+02  2.808E-03  4.916E-06  773.7   79.3   79.4    9.0 
  955.0  5.049E+02  2.719E-03  4.738E-06  773.7   79.3   79.4    9.0 
  956.0  4.957E+02  2.633E-03  4.567E-06  773.7   79.3   79.4    9.0 
  957.0  4.867E+02  2.549E-03  4.401E-06  773.7   79.3   79.4    9.0 
  958.0  4.778E+02  2.468E-03  4.242E-06  773.7   79.3   79.4    9.0 
  959.0  4.691E+02  2.390E-03  4.089E-06  773.7   79.3   79.4    9.0 
  960.0  4.605E+02  2.314E-03  3.941E-06  773.7   79.3   79.4    9.0 
  961.0  4.521E+02  2.241E-03  3.799E-06  773.7   79.3   79.4    9.0 
  962.0  4.439E+02  2.170E-03  3.661E-06  773.7   79.3   79.4    9.0 
  963.0  4.358E+02  2.101E-03  3.529E-06  773.7   79.3   79.4    9.0 
  964.0  4.279E+02  2.035E-03  3.402E-06  773.7   79.3   79.4    9.0 
  965.0  4.201E+02  1.970E-03  3.279E-06  773.7   79.3   79.4    9.0 
  966.0  4.124E+02  1.908E-03  3.161E-06  773.7   79.3   79.4    9.0 
  967.0  4.049E+02  1.848E-03  3.047E-06  773.7   79.3   79.4    9.0 
  968.0  3.975E+02  1.789E-03  2.937E-06  773.7   79.3   79.4    9.0 
  969.0  3.903E+02  1.733E-03  2.831E-06  773.7   79.3   79.4    9.0 
  970.0  3.832E+02  1.678E-03  2.729E-06  773.7   79.3   79.4    9.0 
  971.0  3.762E+02  1.625E-03  2.631E-06  773.7   79.3   79.4    9.0 
  972.0  3.694E+02  1.573E-03  2.536E-06  773.7   79.3   79.4    9.0 
  973.0  3.627E+02  1.524E-03  2.444E-06  773.7   79.3   79.4    9.0 
  974.0  3.561E+02  1.476E-03  2.356E-06  773.7   79.3   79.4    9.0 
  975.0  3.496E+02  1.429E-03  2.272E-06  773.7   79.3   79.4    9.0 
  976.0  3.433E+02  1.384E-03  2.190E-06  773.7   79.3   79.4    9.0 
  977.0  3.371E+02  1.340E-03  2.111E-06  773.7   79.3   79.4    9.0 
  978.0  3.309E+02  1.298E-03  2.035E-06  773.7   79.3   79.4    9.0 
  979.0  3.249E+02  1.257E-03  1.962E-06  773.7   79.3   79.4    9.0 
  980.0  3.190E+02  1.217E-03  1.891E-06  773.7   79.3   79.4    9.0 
  981.0  3.133E+02  1.179E-03  1.823E-06  773.7   79.3   79.4    9.0 
  982.0  3.076E+02  1.142E-03  1.758E-06  773.7   79.3   79.4    9.0 
  983.0  3.020E+02  1.106E-03  1.695E-06  773.7   79.3   79.4    9.0 
  984.0  2.965E+02  1.071E-03  1.634E-06  773.7   79.3   79.4    9.0 
  985.0  2.912E+02  1.037E-03  1.575E-06  773.7   79.3   79.4    9.0 
  986.0  2.859E+02  1.005E-03  1.519E-06  773.7   79.3   79.4    9.0 
  987.0  2.807E+02  9.731E-04  1.464E-06  773.7   79.3   79.4    9.0 
  988.0  2.756E+02  9.425E-04  1.412E-06  773.7   79.3   79.4    9.0 
  989.0  2.706E+02  9.129E-04  1.361E-06  773.7   79.3   79.4    9.0 
  990.0  2.657E+02  8.842E-04  1.312E-06  773.7   79.3   79.4    9.0 
  991.0  2.609E+02  8.564E-04  1.265E-06  773.7   79.3   79.4    9.0 
  992.0  2.562E+02  8.295E-04  1.220E-06  773.7   79.3   79.4    9.0 
  993.0  2.516E+02  8.034E-04  1.176E-06  773.7   79.3   79.4    9.0 
  994.0  2.470E+02  7.782E-04  1.134E-06  773.7   79.3   79.4    9.0 
  995.0  2.426E+02  7.537E-04  1.093E-06  773.7   79.3   79.4    9.0 
  996.0  2.382E+02  7.301E-04  1.054E-06  773.7   79.3   79.4    9.0 
  997.0  2.339E+02  7.072E-04  1.017E-06  773.7   79.3   79.4    9.0 
  998.0  2.297E+02  6.850E-04  9.802E-07  773.7   79.3   79.4    9.0 
  999.0  2.255E+02  6.635E-04  9.452E-07  773.7   79.3   79.4    9.0 
 1000.0  2.215E+02  6.427E-04  9.114E-07  773.7   79.3   79.4    9.0 
