  100.0  4.722E+11  1.010E+13  2.470E+12  192.1   79.3   79.4    9.0 
  110.0  2.422E+11  1.815E+12  3.682E+11  216.3   79.3   79.4    9.0 
  120.0  8.788E+10  3.539E+11  5.653E+10  318.7   79.3   79.4    9.0 
  130.0  4.031E+10  1.113E+11  1.452E+10  438.2   79.3   79.4    9.0 
  140.0  2.298E+10  4.820E+10  5.453E+09  524.5   79.3   79.4    9.0 
  150.0  1.465E+10  2.439E+10  2.520E+09  588.4   79.3   79.4    9.0 
  160.0  1.002E+10  1.351E+10  1.314E+09  635.8   79.3   79.4    9.0 
  170.0  7.173E+09  7.921E+09  7.352E+08  671.0   79.3   79.4    9.0 
  180.0  5.299E+09  4.829E+09  4.289E+08  697.1   79.3   79.4    9.0 
  190.0  4.000E+09  3.023E+09  2.568E+08  716.6   79.3   79.4    9.0 
  200.0  3.065E+09  1.929E+09  1.565E+08  731.0   79.3   79.4    9.0 
  210.0  2.374E+09  1.248E+09  9.649E+07  741.8   79.3   79.4    9.0 
  220.0  1.853E+09  8.163E+08  6.002E+07  749.8   79.3   79.4    9.0 
  230.0  1.455E+09  5.380E+08  3.757E+07  755.8   79.3   79.4    9.0 
  240.0  1.147E+09  3.567E+08  2.364E+07  760.3   79.3   79.4    9.0 
  250.0  9.079E+08  2.377E+08  1.493E+07  763.7   79.3   79.4    9.0 
  260.0  7.205E+08  1.590E+08  9.463E+06  766.2   79.3   79.4    9.0 
  270.0  5.729E+08  1.067E+08  6.013E+06  768.1   79.3   79.4    9.0 
  280.0  4.565E+08  7.175E+07  3.830E+06  769.5   79.3   79.4    9.0 
  290.0  3.642E+08  4.838E+07  2.445E+06  770.5   79.3   79.4    9.0 
  300.0  2.909E+08  3.269E+07  1.564E+06  771.3   79.3   79.4    9.0 
  310.0  2.327E+08  2.212E+07  1.002E+06  771.9   79.3   79.4    9.0 
  320.0  1.863E+08  1.500E+07  6.428E+05  772.3   79.3   79.4    9.0 
  330.0  1.493E+08  1.018E+07  4.131E+05  772.7   79.3   79.4    9.0 
  340.0  1.197E+08  6.923E+06  2.659E+05  772.9   79.3   79.4    9.0 
  350.0  9.611E+07  4.713E+06  1.714E+05  773.1   79.3   79.4    9.0 
  360.0  7.720E+07  3.213E+06  1.106E+05  773.3   79.3   79.4    9.0 
  370.0  6.206E+07  2.193E+06  7.151E+04  773.4   79.3   79.4    9.0 
  380.0  4.992E+07  1.498E+06  4.628E+04  773.5   79.3   79.4    9.0 
  390.0  4.019E+07  1.025E+06  3.000E+04  773.5   79.3   79.4    9.0 
  400.0  3.237E+07  7.022E+05  1.947E+04  773.6   79.3   79.4    9.0 
  410.0  2.610E+07  4.816E+05  1.265E+04  773.6   79.3   79.4    9.0 
  420.0  2.105E+07  3.306E+05  8.231E+03  773.6   79.3   79.4    9.0 
  430.0  1.699E+07  2.272E+05  5.363E+03  773.7   79.3   79.4    9.0 
  440.0  1.372E+07  1.564E+05  3.498E+03  773.7   79.3   79.4    9.0 
  450.0  1.109E+07  1.077E+05  2.285E+03  773.7   79.3   79.4    9.0 
  460.0  8.967E+06  7.428E+04  1.494E+03  773.7   79.3   79.4    9.0 
  470.0  7.256E+06  5.128E+04  9.784E+02  773.7   79.3   79.4    9.0 
  480.0  5.875E+06  3.544E+04  6.414E+02  773.7   79.3   79.4    9.0 
  490.0  4.760E+06  2.452E+04  4.210E+02  773.7   79.3   79.4    9.0 
  500.0  3.859E+06  1.698E+04  2.767E+02  773.7   79.3   79.4    9.0 
  510.0  3.130E+06  1.178E+04  1.821E+02  773.7   79.3   79.4    9.0 
  520.0  2.541E+06  8.174E+03  1.200E+02  773.7   79.3   79.4    9.0 
  530.0  2.064E+06  5.679E+03  7.913E+01  773.7   79.3   79.4    9.0 
  540.0  1.677E+06  3.950E+03  5.226E+01  773.7   79.3   79.4    9.0 
  550.0  1.364E+06  2.751E+03  3.455E+01  773.7   79.3   79.4    9.0 
  560.0  1.110E+06  1.917E+03  2.287E+01  773.7   79.3   79.4    9.0 
  570.0  9.033E+05  1.338E+03  1.516E+01  773.7   79.3   79.4    9.0 
  580.0  7.358E+05  9.345E+02  1.006E+01  773.7   79.3   79.4    9.0 
  590.0  5.998E+05  6.534E+02  6.684E+00  773.7   79.3   79.4    9.0 
  600.0  4.891E+05  4.573E+02  4.446E+00  773.7   79.3   79.4    9.0 
  610.0  3.992E+05  3.204E+02  2.961E+00  773.7   79.3   79.4    9.0 
  620.0  3.259E+05  2.247E+02  1.974E+00  773.7   79.3   79.4    9.0 
  630.0  2.663E+05  1.578E+02  1.318E+00  773.7   79.3   79.4    9.0 
  640.0  2.177E+05  1.109E+02  8.805E-01  773.7   79.3   79.4    9.0 
  650.0  1.780E+05  7.801E+01  5.891E-01  773.7   79.3   79.4    9.0 
  660.0  1.457E+05  5.493E+01  3.945E-01  773.7   79.3   79.4    9.0 
  670.0  1.193E+05  3.872E+01  2.646E-01  773.7   79.3   79.4    9.0 
  680.0  9.776E+04  2.732E+01  1.776E-01  773.7   79.3   79.4    9.0 
  690.0  8.015E+04  1.930E+01  1.194E-01  773.7   79.3   79.4    9.0 
  700.0  6.574E+04  1.364E+01  8.031E-02  773.7   79.3   79.4    9.0 
  710.0  5.396E+04  9.656E+00  5.410E-02  773.7   79.3   79.4    9.0 
  720.0  4.431E+04  6.840E+00  3.648E-02  773.7   79.3   79.4    9.0 
  730.0  3.641E+04  4.850E+00  2.463E-02  773.7   79.3   79.4    9.0 
  740.0  2.993E+04  3.443E+00  1.664E-02  773.7   79.3   79.4    9.0 
  750.0  2.462E+04  2.446E+00  1.126E-02  773.7   79.3   79.4    9.0 
  760.0  2.026E+04  1.739E+00  7.628E-03  773.7   79.3   79.4    9.0 
  770.0  1.668E+04  1.238E+00  5.172E-03  773.7   79.3   79.4    9.0 
  780.0  1.375E+04  8.821E-01  3.511E-03  773.7   79.3   79.4    9.0 
  790.0  1.133E+04  6.291E-01  2.386E-03  773.7   79.3   79.4    9.0 
  800.0  9.346E+03  4.491E-01  1.623E-03  773.7   79.3   79.4    9.0 
  810.0  7.713E+03  3.209E-01  1.105E-03  773.7   79.3   79.4    9.0 
  820.0  6.368E+03  2.295E-01  7.536E-04  773.7   79.3   79.4    9.0 
  830.0  5.261E+03  1.643E-01  5.143E-04  773.7   79.3   79.4    9.0 
  840.0  4.348E+03  1.177E-01  3.514E-04  773.7   79.3   79.4    9.0 
  850.0  3.596E+03  8.442E-02  2.403E-04  773.7   79.3   79.4    9.0 
  860.0  2.976E+03  6.060E-02  1.645E-04  773.7   79.3   79.4    9.0 
  870.0  2.463E+03  4.354E-02  1.128E-04  773.7   79.3   79.4    9.0 
  880.0  2.040E+03  3.131E-02  7.736E-05  773.7   79.3   79.4    9.0 
  890.0  1.691E+03  2.254E-02  5.313E-05  773.7   79.3   79.4    9.0 
  900.0  1.402E+03  1.624E-02  3.653E-05  773.7   79.3   79.4    9.0 
  910.0  1.163E+03  1.171E-02  2.514E-05  773.7   79.3   79.4    9.0 
  920.0  9.654E+02  8.452E-03  1.732E-05  773.7   79.3   79.4    9.0 
  930.0  8.017E+02  6.106E-03  1.194E-05  773.7   79.3   79.4    9.0 
  940.0  6.661E+02  4.415E-03  8.245E-06  773.7   79.3   79.4    9.0 
  950.0  5.537E+02  3.195E-03  5.697E-06  773.7   79.3   79.4    9.0 
  960.0  4.605E+02  2.314E-03  3.941E-06  773.7   79.3   79.4    9.0 
  970.0  3.832E+02  1.678E-03  2.729E-06  773.7   79.3   79.4    9.0 
  980.0  3.190E+02  1.217E-03  1.891E-06  773.7   79.3   79.4    9.0 
  990.0  2.657E+02  8.842E-04  1.312E-06  773.7   79.3   79.4    9.0 
 1000.0  2.215E+02  6.427E-04  9.114E-07  773.7   79.3   79.4    9.0 
