    100     10
Altitudes (km)
     1000.00      955.94      913.82      873.56      835.07      798.28
      763.11      729.49      697.35      666.62      637.25      609.18
      582.34      556.68      532.15      508.71      486.29      464.87
      444.39      424.81      406.09      388.20      371.10      354.75
      339.12      324.18      309.89      296.24      283.19      270.71
      258.78      247.38      236.48      226.06      216.10      206.58
      197.48      188.78      180.46      172.51      164.91      157.64
      150.70      144.06      137.71      131.64      125.84      120.30
      115.00      114.00      113.00      112.00      111.00      110.00
      109.00      108.00      107.00      106.00      105.00      104.00
      103.00      102.00      101.00      100.00       99.00       98.00
       97.00       96.00       95.00       94.00       93.00       92.00
       91.00       90.00       89.00       88.00       87.00       86.00
       85.00       84.00       83.00       82.00       81.00       80.00
       75.00       70.00       65.00       60.00       55.00       50.00
       45.00       40.00       35.00       30.00       25.00       20.00
       15.00       10.00        5.00        0.00
Neutral Atmosphere
Tn (K)
   7.641E+02   7.641E+02   7.641E+02   7.641E+02   7.641E+02   7.641E+02
   7.641E+02   7.641E+02   7.641E+02   7.641E+02   7.641E+02   7.641E+02
   7.641E+02   7.641E+02   7.641E+02   7.641E+02   7.641E+02   7.641E+02
   7.641E+02   7.640E+02   7.640E+02   7.640E+02   7.640E+02   7.639E+02
   7.638E+02   7.637E+02   7.634E+02   7.630E+02   7.625E+02   7.616E+02
   7.605E+02   7.588E+02   7.564E+02   7.532E+02   7.488E+02   7.430E+02
   7.353E+02   7.253E+02   7.125E+02   6.963E+02   6.760E+02   6.509E+02
   6.202E+02   5.829E+02   5.381E+02   4.849E+02   4.223E+02   3.458E+02
   2.701E+02   2.585E+02   2.479E+02   2.382E+02   2.294E+02   2.216E+02
   2.146E+02   2.084E+02   2.030E+02   1.982E+02   1.942E+02   1.908E+02
   1.880E+02   1.859E+02   1.843E+02   1.834E+02   1.832E+02   1.835E+02
   1.843E+02   1.855E+02   1.871E+02   1.889E+02   1.909E+02   1.931E+02
   1.952E+02   1.972E+02   1.991E+02   2.008E+02   2.023E+02   2.036E+02
   2.048E+02   2.059E+02   2.069E+02   2.078E+02   2.087E+02   2.095E+02
   2.141E+02   2.215E+02   2.293E+02   2.380E+02   2.496E+02   2.638E+02
   2.686E+02   2.541E+02   2.355E+02   2.254E+02   2.186E+02   2.143E+02
   2.136E+02   2.238E+02   2.555E+02   2.863E+02
[N2]
   5.821E-04   2.432E-03   9.697E-03   3.693E-02   1.345E-01   4.685E-01
   1.564E+00   5.007E+00   1.538E+01   4.543E+01   1.290E+02   3.529E+02
   9.305E+02   2.367E+03   5.818E+03   1.382E+04   3.180E+04   7.087E+04
   1.532E+05   3.214E+05   6.555E+05   1.300E+06   2.511E+06   4.726E+06
   8.677E+06   1.555E+07   2.725E+07   4.669E+07   7.834E+07   1.288E+08
   2.079E+08   3.294E+08   5.135E+08   7.882E+08   1.193E+09   1.784E+09
   2.641E+09   3.878E+09   5.661E+09   8.242E+09   1.201E+10   1.759E+10
   2.604E+10   3.923E+10   6.077E+10   9.816E+10   1.691E+11   3.266E+11
   7.285E+11   8.591E+11   1.017E+12   1.207E+12   1.437E+12   1.715E+12
   2.052E+12   2.460E+12   2.954E+12   3.551E+12   4.274E+12   5.145E+12
   6.194E+12   7.452E+12   8.954E+12   1.074E+13   1.284E+13   1.532E+13
   1.822E+13   2.161E+13   2.555E+13   3.013E+13   3.545E+13   4.162E+13
   4.879E+13   5.713E+13   6.686E+13   7.823E+13   9.151E+13   1.070E+14
   1.251E+14   1.463E+14   1.710E+14   1.998E+14   2.334E+14   2.726E+14
   5.854E+14   1.216E+15   2.465E+15   4.863E+15   9.234E+15   1.680E+16
   3.093E+16   6.210E+16   1.337E+17   2.914E+17   6.441E+17   1.439E+18
   3.197E+18   6.675E+18   1.197E+19   1.996E+19
[O2]
   7.747E-07   3.970E-06   1.929E-05   8.891E-05   3.894E-04   1.622E-03
   6.431E-03   2.431E-02   8.768E-02   3.022E-01   9.965E-01   3.147E+00
   9.529E+00   2.770E+01   7.741E+01   2.082E+02   5.393E+02   1.348E+03
   3.252E+03   7.587E+03   1.713E+04   3.746E+04   7.947E+04   1.637E+05
   3.276E+05   6.380E+05   1.210E+06   2.237E+06   4.034E+06   7.107E+06
   1.224E+07   2.064E+07   3.410E+07   5.526E+07   8.801E+07   1.379E+08
   2.131E+08   3.254E+08   4.926E+08   7.419E+08   1.118E+09   1.696E+09
   2.618E+09   4.159E+09   6.903E+09   1.217E+10   2.331E+10   5.067E+10
   1.282E+11   1.549E+11   1.879E+11   2.286E+11   2.788E+11   3.409E+11
   4.176E+11   5.121E+11   6.286E+11   7.720E+11   9.480E+11   1.163E+12
   1.426E+12   1.744E+12   2.128E+12   2.588E+12   3.136E+12   3.783E+12
   4.546E+12   5.441E+12   6.486E+12   7.704E+12   9.121E+12   1.077E+13
   1.268E+13   1.492E+13   1.752E+13   2.057E+13   2.413E+13   2.829E+13
   3.315E+13   3.883E+13   4.546E+13   5.319E+13   6.222E+13   7.273E+13
   1.568E+14   3.260E+14   6.612E+14   1.304E+15   2.477E+15   4.508E+15
   8.298E+15   1.666E+16   3.586E+16   7.817E+16   1.728E+17   3.861E+17
   8.577E+17   1.791E+18   3.211E+18   5.353E+18
[O]
   1.753E+02   3.969E+02   8.748E+02   1.878E+03   3.931E+03   8.021E+03
   1.597E+04   3.106E+04   5.898E+04   1.095E+05   1.988E+05   3.534E+05
   6.149E+05   1.048E+06   1.753E+06   2.874E+06   4.626E+06   7.313E+06
   1.136E+07   1.735E+07   2.607E+07   3.856E+07   5.617E+07   8.062E+07
   1.141E+08   1.593E+08   2.194E+08   2.986E+08   4.014E+08   5.337E+08
   7.020E+08   9.142E+08   1.180E+09   1.510E+09   1.919E+09   2.425E+09
   3.049E+09   3.824E+09   4.792E+09   6.015E+09   7.584E+09   9.640E+09
   1.240E+10   1.623E+10   2.173E+10   3.002E+10   4.338E+10   6.787E+10
   1.155E+11   1.282E+11   1.422E+11   1.578E+11   1.749E+11   1.936E+11
   2.140E+11   2.360E+11   2.595E+11   2.845E+11   3.104E+11   3.369E+11
   3.632E+11   3.883E+11   4.110E+11   4.299E+11   4.431E+11   4.494E+11
   4.474E+11   4.363E+11   4.159E+11   3.865E+11   3.494E+11   3.064E+11
   2.602E+11   2.133E+11   1.684E+11   1.277E+11   9.281E+10   6.441E+10
   4.260E+10   2.679E+10   1.600E+10   9.056E+09   4.860E+09   2.474E+09
   4.148E+07   1.000E-30   1.000E-30   1.000E-30   1.000E-30   1.000E-30
   1.000E-30   1.000E-30   1.000E-30   1.000E-30   1.000E-30   1.000E-30
   1.000E-30   1.000E-30   1.000E-30   1.000E-30
[O3]
   1.180E-22   1.368E-21   1.465E-20   1.450E-19   1.329E-18   1.129E-17
   8.917E-17   6.553E-16   4.489E-15   2.872E-14   1.720E-13   9.650E-13
   5.085E-12   2.520E-11   1.177E-10   5.190E-10   2.164E-09   8.546E-09
   3.202E-08   1.141E-07   3.867E-07   1.250E-06   3.858E-06   1.139E-05
   3.220E-05   8.729E-05   2.273E-04   5.690E-04   1.372E-03   3.189E-03
   7.158E-03   1.554E-02   3.267E-02   6.666E-02   1.323E-01   2.561E-01
   4.851E-01   9.030E-01   1.661E+00   3.040E+00   5.589E+00   1.045E+01
   2.021E+01   4.131E+01   9.174E+01   2.295E+02   6.782E+02   2.604E+03
   1.313E+04   1.826E+04   2.561E+04   3.628E+04   5.194E+04   7.520E+04
   1.101E+05   1.631E+05   2.441E+05   3.687E+05   5.604E+05   8.543E+05
   1.301E+06   1.970E+06   2.950E+06   4.345E+06   6.257E+06   8.786E+06
   1.200E+07   1.589E+07   2.040E+07   2.531E+07   3.034E+07   3.509E+07
   3.914E+07   4.209E+07   4.363E+07   4.352E+07   4.165E+07   3.821E+07
   3.866E+07   3.950E+07   4.118E+07   4.376E+07   5.605E+07   7.193E+07
   3.450E+08   9.481E+08   9.836E+08   1.890E+09   3.553E+09   1.187E+10
   3.869E+10   1.356E+11   4.655E+11   1.753E+12   6.075E+12   8.047E+12
   7.376E+12   4.789E+12   1.694E+12   1.360E+12
[NO]
   1.611E-07   7.772E-07   3.498E-06   1.473E-05   5.824E-05   2.167E-04
   7.611E-04   2.529E-03   7.969E-03   2.388E-02   6.816E-02   1.858E-01
   4.845E-01   1.211E+00   2.909E+00   6.720E+00   1.496E+01   3.216E+01
   6.683E+01   1.345E+02   2.624E+02   4.971E+02   9.157E+02   1.642E+03
   2.869E+03   4.892E+03   8.148E+03   1.327E+04   2.115E+04   3.302E+04
   5.056E+04   7.597E+04   1.121E+05   1.627E+05   2.322E+05   3.262E+05
   4.515E+05   6.160E+05   8.291E+05   1.065E+06   1.348E+06   1.687E+06
   2.088E+06   2.634E+06   3.354E+06   4.349E+06   6.156E+06   9.069E+06
   1.127E+07   1.158E+07   1.176E+07   1.194E+07   1.207E+07   1.219E+07
   1.213E+07   1.207E+07   1.194E+07   1.182E+07   1.158E+07   1.134E+07
   1.084E+07   1.036E+07   9.535E+06   8.776E+06   9.288E+06   9.831E+06
   1.041E+07   1.101E+07   1.166E+07   1.234E+07   1.306E+07   1.382E+07
   1.463E+07   1.549E+07   1.452E+07   1.362E+07   1.276E+07   1.196E+07
   1.120E+07   1.081E+07   1.043E+07   1.005E+07   9.693E+06   9.341E+06
   1.206E+07   1.790E+07   3.251E+07   6.287E+07   1.194E+08   2.216E+08
   4.633E+08   8.904E+08   1.222E+09   9.140E+08   5.649E+08   4.699E+08
   1.158E+09   2.564E+09   4.597E+09   7.664E+09
[N]
   7.295E+00   1.491E+01   2.977E+01   5.810E+01   1.109E+02   2.070E+02
   3.781E+02   6.765E+02   1.186E+03   2.038E+03   3.435E+03   5.680E+03
   9.223E+03   1.471E+04   2.306E+04   3.555E+04   5.392E+04   8.049E+04
   1.185E+05   1.719E+05   2.458E+05   3.468E+05   4.833E+05   6.654E+05
   9.058E+05   1.220E+06   1.626E+06   2.146E+06   2.804E+06   3.626E+06
   4.636E+06   5.852E+06   7.274E+06   8.873E+06   1.057E+07   1.224E+07
   1.366E+07   1.459E+07   1.479E+07   1.411E+07   1.259E+07   1.045E+07
   8.052E+06   5.779E+06   3.895E+06   2.505E+06   1.579E+06   1.029E+06
   7.167E+05   6.697E+05   6.256E+05   5.844E+05   5.458E+05   5.099E+05
   4.764E+05   4.454E+05   4.166E+05   3.900E+05   3.654E+05   3.426E+05
   3.215E+05   3.017E+05   2.832E+05   2.656E+05   2.487E+05   2.326E+05
   2.171E+05   2.022E+05   1.880E+05   1.744E+05   1.615E+05   1.494E+05
   1.379E+05   1.272E+05   1.174E+05   1.083E+05   9.984E+04   9.209E+04
   8.495E+04   7.837E+04   7.233E+04   6.676E+04   6.164E+04   5.692E+04
   3.832E+04   1.000E-30   1.000E-30   1.000E-30   1.000E-30   1.000E-30
   1.000E-30   1.000E-30   1.000E-30   1.000E-30   1.000E-30   1.000E-30
   1.000E-30   1.000E-30   1.000E-30   1.000E-30
[He]
   1.548E+05   1.898E+05   2.313E+05   2.800E+05   3.368E+05   4.025E+05
   4.781E+05   5.646E+05   6.628E+05   7.737E+05   8.981E+05   1.037E+06
   1.191E+06   1.361E+06   1.547E+06   1.751E+06   1.972E+06   2.212E+06
   2.469E+06   2.745E+06   3.039E+06   3.352E+06   3.682E+06   4.030E+06
   4.396E+06   4.779E+06   5.178E+06   5.594E+06   6.025E+06   6.472E+06
   6.935E+06   7.414E+06   7.911E+06   8.428E+06   8.967E+06   9.533E+06
   1.014E+07   1.078E+07   1.148E+07   1.225E+07   1.312E+07   1.413E+07
   1.531E+07   1.676E+07   1.861E+07   2.110E+07   2.468E+07   3.056E+07
   4.045E+07   4.286E+07   4.549E+07   4.836E+07   5.150E+07   5.497E+07
   5.881E+07   6.309E+07   6.790E+07   7.335E+07   7.957E+07   8.670E+07
   9.492E+07   1.044E+08   1.155E+08   1.282E+08   1.430E+08   1.602E+08
   1.801E+08   2.031E+08   2.298E+08   2.607E+08   2.965E+08   3.380E+08
   3.861E+08   4.421E+08   5.075E+08   5.839E+08   6.731E+08   7.773E+08
   8.991E+08   1.041E+09   1.207E+09   1.401E+09   1.626E+09   1.889E+09
   3.989E+09   8.226E+09   1.659E+10   3.263E+10   6.196E+10   1.128E+11
   2.076E+11   4.167E+11   8.970E+11   1.956E+12   4.322E+12   9.659E+12
   2.146E+13   4.480E+13   8.031E+13   1.339E+14
[H]
   1.533E+05   1.613E+05   1.695E+05   1.777E+05   1.861E+05   1.946E+05
   2.032E+05   2.118E+05   2.205E+05   2.292E+05   2.379E+05   2.466E+05
   2.553E+05   2.639E+05   2.725E+05   2.811E+05   2.896E+05   2.980E+05
   3.063E+05   3.145E+05   3.226E+05   3.306E+05   3.385E+05   3.462E+05
   3.539E+05   3.614E+05   3.691E+05   3.766E+05   3.844E+05   3.924E+05
   4.010E+05   4.107E+05   4.221E+05   4.360E+05   4.538E+05   4.775E+05
   5.096E+05   5.543E+05   6.170E+05   7.060E+05   8.333E+05   1.016E+06
   1.280E+06   1.660E+06   2.208E+06   3.002E+06   4.165E+06   5.973E+06
   8.790E+06   9.451E+06   1.016E+07   1.091E+07   1.172E+07   1.258E+07
   1.350E+07   1.449E+07   1.556E+07   1.672E+07   1.800E+07   1.940E+07
   2.096E+07   2.270E+07   2.466E+07   2.687E+07   2.938E+07   3.224E+07
   3.553E+07   3.931E+07   4.368E+07   4.874E+07   5.457E+07   6.131E+07
   6.905E+07   7.788E+07   8.780E+07   9.861E+07   1.097E+08   1.200E+08
   1.272E+08   1.280E+08   1.181E+08   9.446E+07   5.993E+07   2.609E+07
   3.833E-04   1.000E-30   1.000E-30   1.000E-30   1.000E-30   1.000E-30
   1.000E-30   1.000E-30   1.000E-30   1.000E-30   1.000E-30   1.000E-30
   1.000E-30   1.000E-30   1.000E-30   1.000E-30
[Ar]
   1.881E-12   1.450E-11   1.046E-10   7.065E-10   4.476E-09   2.663E-08
   1.490E-07   7.854E-07   3.905E-06   1.834E-05   8.147E-05   3.430E-04
   1.370E-03   5.201E-03   1.879E-02   6.471E-02   2.127E-01   6.682E-01
   2.010E+00   5.795E+00   1.604E+01   4.266E+01   1.092E+02   2.696E+02
   6.422E+02   1.478E+03   3.292E+03   7.106E+03   1.488E+04   3.027E+04
   5.994E+04   1.157E+05   2.178E+05   4.013E+05   7.246E+05   1.285E+06
   2.244E+06   3.869E+06   6.609E+06   1.123E+07   1.906E+07   3.249E+07
   5.598E+07   9.824E+07   1.773E+08   3.340E+08   6.737E+08   1.552E+09
   4.267E+09   5.253E+09   6.494E+09   8.057E+09   1.003E+10   1.250E+10
   1.562E+10   1.953E+10   2.442E+10   3.052E+10   3.810E+10   4.746E+10
   5.898E+10   7.303E+10   9.008E+10   1.106E+11   1.350E+11   1.640E+11
   1.981E+11   2.381E+11   2.849E+11   3.394E+11   4.028E+11   4.764E+11
   5.619E+11   6.615E+11   7.778E+11   9.137E+11   1.072E+12   1.258E+12
   1.474E+12   1.727E+12   2.023E+12   2.368E+12   2.770E+12   3.238E+12
   6.979E+12   1.452E+13   2.947E+13   5.816E+13   1.104E+14   2.010E+14
   3.700E+14   7.428E+14   1.599E+15   3.486E+15   7.705E+15   1.722E+16
   3.824E+16   7.985E+16   1.432E+17   2.387E+17
